    1.117973     2.781995     2.301016     2.536806     1.739255     1.477905     2.797106    -0.819016     2.085886    -0.320035
    1.426394     3.030511     2.045344     3.682885     2.822412     3.235848     2.085604     4.181769     0.926668     3.813402
   -1.088825     5.245853    -1.819594     4.166819    -1.911916     4.197244     0.550340     3.815101     1.388370     2.976757
    2.690842     0.813179     2.191177     1.975352     2.510173     1.747140     1.379136     2.162759     2.882879     1.096989
    1.758479     3.444977     1.603350     3.577672     1.826767     4.166473     1.749906     5.412933     2.248638     4.202411
    4.650304     0.205179     2.181509     1.170314     3.247860    -0.673617     4.664709    -0.865571     5.644520    -1.552143
    1.637512     3.288277     1.102568     4.584531     3.038390     3.247398     2.972650     3.016500     1.390086     4.708761
    0.261635     2.225780     1.183189     3.348901     1.329182     1.852105     0.223290     0.840510     0.557423     0.444959
    2.205594     3.108787     2.849464     2.363287     2.859052     1.871897     4.553234     2.759994     1.493108     4.971898
    0.806995     2.035312     0.683704     2.260478     0.907967     1.435113     1.355659     3.014749     1.594445     3.175277
    2.947466    -0.042708     4.862456    -1.699858     5.514996    -0.222181     3.814567     1.045651     4.586668    -0.286870
    3.233472     1.462985     3.259272     1.218505    -0.561773     3.981090    -0.244275     2.744726     0.968245     3.214676
    2.468113     1.980801     1.723243     2.737132     2.296446     2.898149     3.248280     2.016305     2.646731     1.793468
    2.880321     4.440825     2.101101     4.373756     2.747336     3.902369     0.717303     3.683797     3.130912     2.617416
    1.613970     4.016764     1.011741     3.344384     2.461806     1.623095     0.646665     3.831709     0.933524     4.943685
    1.055291     4.048639     2.660038     2.375048    -0.228559     6.049230     1.558044     6.020830     1.674443     5.309396
    0.322130     1.827220     1.737093     0.854374     1.372742     0.861835     2.905542     1.151616     5.145750     0.046616
    4.138879     0.786036     4.091003     0.828120     3.033416     1.724435     3.397129     2.349674     3.552307     1.712178
    0.593421     3.289379     2.256492     3.206204     0.044157     2.585563    -0.015746     3.158945    -0.521564     3.962635
   -0.054362     4.013274     0.870735     4.601072     0.271390     5.151859     1.626979     2.782561     1.937959     2.007360
    1.872176     1.999411     3.478669     1.244043     1.496839     2.594285     2.210503     1.851886     3.348978     2.698319
    3.970444     1.717538     3.853990     0.751762     3.829333     2.284410     1.191764     3.796812     1.501419     3.204146
    2.778483     2.499199    -0.494673     3.254990     1.561817     3.526302     1.666821     3.236263     3.171210     2.604358
   -0.596251     4.437784    -0.936302     5.393884    -1.794804     6.059437     0.635771     4.788484     0.590920     3.123884
   -0.634662     4.063237    -1.307346     2.854519    -0.708654     2.880739    -2.203938     3.602151    -2.845598     4.902965
    3.144209     3.127952     6.036751     0.571407     5.092327     1.634460     4.231697     2.293133     4.060840     3.658739
    3.061729     2.770115     3.243083     1.521815     3.646450     3.410346     3.918594     4.308952     1.557227     3.510717
    1.739230     4.512982     2.139181     3.944683     2.163315     2.614673     2.013712     2.610878     2.800914     1.773067
    3.551289     0.592785     4.500183     0.908606     2.693825     1.612443     3.934055     1.482887     3.763941    -0.075402
   -0.691167     2.684302     0.950388     2.583700     0.611897     2.779885     0.668784     2.573441     1.154533     2.175903
    3.054291     1.809224     2.108291     1.300057     0.253442     4.283759     0.934994     3.389238     2.670213     2.253466
    3.476832     2.092397     2.944066     1.111930     2.331441     2.162012     2.849192     2.898044     4.101982     2.739526
    2.085315     2.656473     1.272525     3.657838     5.607731     0.044980     3.327433     1.399170     1.816621     2.146047
    3.593156     2.470157     3.330346     2.934436     3.164315     2.558011     3.007265     3.093888     4.660908     3.660602
    1.854771     2.036094     1.533163     2.498553     1.432351     2.956355     0.968909     4.476087     2.178845     4.408004
    2.987577     1.532785     2.545801     3.418669     2.943572     2.419943     4.437601     1.647932     3.703835     2.286207
    0.063193     3.857939     1.339477     2.863352     2.842109     2.403800     0.665188     4.318054    -0.540009     3.831589
    3.730687     0.251175     3.813254    -0.191164     1.740599     0.719758     2.299760     1.745781     0.789401     2.558337
    3.405024     0.145946     1.524260     0.975746     3.015911     0.874120     1.813138     0.996314     2.888513    -1.146419
   -0.082697     5.246994    -0.820081     4.280766    -0.114978     4.919574     0.695686     4.778740     0.592772     4.046830
    2.922343     3.194194     3.343522     2.424008     3.959281     1.967503     2.240258     1.283057     1.276806     1.659450
    1.743315     3.145194     2.023847     3.045634    -0.255463     3.842298     0.325758     2.966455    -0.492203     3.597869
    2.030463     3.222685    -0.053928     2.999066     0.620224     2.784593    -0.489767     2.740755     0.103580     3.086736
    0.339792     2.773468     2.709969     1.789059     3.948666     1.264514     2.924828     1.797042     2.216278     2.070997
    3.116533     3.424214     1.191787     2.975952     1.508336     4.063867     0.830960     3.575809     0.847709     4.121964
    2.362396     2.382889     2.990871     1.626711     3.560691     1.681249     2.254793     3.546124     3.447092     2.549927
   -0.341252     2.582835    -0.374867     2.284422     0.941167     4.445754     1.799384     3.219063     1.249694     1.428791
    1.511018     1.989781     2.177869     2.275091     1.444595     1.336670     2.025868     0.821854     4.755758    -0.951753
    4.755867     1.777389     2.861265     2.199932     1.999511     2.716348     1.392090     3.111442     3.423698     3.438706
    2.797328     3.284749     3.295262     4.639601     2.581541     3.984735     1.935235     3.793518     2.008051     4.625705
   -0.236476     3.028050     1.803294     2.550640     1.457599     0.844067     2.129603     1.572165     1.324174     3.043797
    3.623902     1.139270     3.815080     1.738923     2.341204     0.563294     1.842609    -0.401290     3.040178     0.480967
    3.728488     0.958408     4.097383     0.334378     2.096935     0.598382     3.036904     0.114729     3.217383     0.058713
    1.481515     3.287742     2.041726     3.726805     1.006104     4.123835    -0.749834     4.393795     1.393960     3.408899
    2.290963     0.487627     1.816749     1.114169     0.399708     2.521192     2.621011     2.518816     2.305285     2.354915
    2.445528     5.167118     1.355457     6.614944     1.970446     5.238319     1.322842     4.042793     1.124093     2.914499
    2.739981     1.789119     3.353314    -0.025894     4.066906     1.364903     2.874334     1.415848     1.891940     3.249823
    6.010541    -0.183098     5.523824     1.898046     4.183457     2.611393     3.915917     2.492230     5.688467     2.401631
    0.909744     3.213129     1.223165     3.818574     0.692506     3.928382     1.392623     3.092849     1.760900     2.111626
    1.366036     2.455754     1.914351     3.293667     1.896721     4.849397     2.415868     3.121469     4.161988     1.779886
    4.783448     1.684752     3.874587     1.565342     5.576881     1.499532     4.545056     1.999082     5.000523     1.049699
    3.206140     0.494286     1.395799     1.050918     1.602537     2.803552     1.226398     3.503850     0.648209     2.245329
    2.201006     3.230457     1.150204     3.115076     2.451078     4.408931     1.116194     4.805904    -0.482062     5.172928
    2.424338    -0.669201     4.301104     0.947528     4.102602     2.130203     2.823259     1.560834     2.561035     2.126279
    2.053995     4.358082     2.621631     5.157681     2.930945     3.086935     2.262632     5.369079     2.424668     5.282418
    1.280662     3.185952     1.929208     2.690842     0.882172     1.346481     1.326985     0.001614     0.043193     2.116025
   -0.082827     0.981156     1.239984     0.072717     4.423534    -1.010698     3.322419    -1.239949     1.687263    -0.867227
    1.560185     5.595793    -0.007266     8.128805     0.143898     6.753957    -0.030389     7.347893     0.214116     6.697040
    1.988567     2.140123     1.730873     3.835549     3.071273     3.457915     2.420444     4.159292     2.239538     4.065007
    0.129634     3.642202     2.246659     2.598330     0.729922     2.591691     2.666966     1.623707     1.524808     2.865495
    3.714112     3.266074     4.311566     3.452273     5.384875     2.328504     2.356710     3.497297     3.462705     1.354969
    4.086947     2.763723     3.805900     3.031552     2.402931     3.492499     2.619672     3.333295     2.575657     4.504085
    3.809648     1.919509     4.688467     1.287272     3.717372     4.054918     2.306317     2.462606     2.593100     1.944436
   -0.946211     2.019486     0.996307     1.829263     1.058617     1.501399     0.923908     2.119712    -0.195597     2.487839
    0.117411     4.851911    -1.845500     5.399250    -1.074296     5.154161    -0.993785     4.765946     0.283157     4.264829
    1.564223     4.660724     1.308665     6.039286     2.003337     5.016761     2.275728     3.451091     2.269508     4.606292
    2.943766     1.127256     1.900137     1.990344     0.352854     2.255460     0.465079     1.863343     0.953822     1.809699
    4.074667     1.415587     2.641314     3.842593     2.732725     3.097692     1.156796     3.791386     4.832985     3.420376
    3.734986     2.709883     3.740696     3.386181     3.972562     2.696042     4.850144     1.878754     4.296973     1.161611
   -0.417922     3.660425    -0.036425     1.475674    -0.377590     2.890020    -0.069540     4.231165     1.106401     2.651796
    3.063674     0.466810     1.729851     3.764060     4.077994     0.674271     1.700442     2.002056     1.474850     2.385076
    1.621821     1.531948     2.353851     0.069174     1.912152    -0.009060     3.846811    -0.049465     1.265691     3.002861
    0.405618     3.658968     1.509802     2.979853     3.073934     2.314718     2.427266     2.714728     2.845889     0.969990
    3.986389    -0.525662     4.350515    -0.010857     4.132897    -0.873340     1.202936     0.259298     2.155182    -0.313778
    2.392048     0.130701     1.715362     1.313140     2.256001     0.134924     1.862569     1.319515     0.725077     1.227875
    0.867272     2.582246     0.416091     1.878420     1.615257     1.392642     3.428700     1.190975     1.081420     3.429462
   -0.193206     3.347285     0.724562     0.960853    -0.495841     3.018243    -1.219906     4.000360     1.506292     2.445785
    2.383519     2.441067     4.344695     1.659026     3.692306     1.198979     4.275227     0.341468     3.425854     1.112140
   -0.219641     6.311807    -0.230884     5.503274    -0.270720     4.383364    -0.343917     4.855277     0.903974     4.067515
    1.429254     2.437283     2.677482     2.841989    -0.245498     2.675066     2.150627     1.131589     3.167536     1.011439
    3.572379     4.273293     3.422557     3.556799     3.986517     4.706994     3.921331     4.772050     3.052917     4.473134
    3.239725     3.586495     1.961932     2.820271     0.388587     2.962189     0.229458     2.781387     2.253820     2.604696
    2.123272     4.671608     2.096164     5.058267     1.230198     6.637153     2.464713     4.501256     0.612966     4.473071
    1.396813     3.237323     1.545987     3.857527     2.718013     4.047976     1.661246     3.525075     1.447756     4.814627
    1.348153     3.891786     0.161167     3.413730     1.524890     2.021873     2.892387     1.106697     0.888622     2.323996
    3.712343     0.939099     3.832104     2.134836     1.948239     2.966062     0.300340     3.946520     2.153091     1.935541
    1.025754     3.285481     2.015211     3.230031     0.622951     4.866471     2.142068     4.910370     2.947429     3.711854
    0.669669     5.065092     2.531386     1.935195     1.341057     2.520121     0.409844     4.083158     2.573252     2.689400
    2.055567     4.898303     2.298557     5.318337     0.729155     6.100328     0.963932     5.308546     2.102529     4.452948
    0.407013     3.136532     2.595014     3.028827     1.509494     3.575949     0.158812     5.281158     0.688752     3.770381
   -1.233330     2.907719     0.564339     2.580298     1.029210     2.072071     0.971575     2.488448    -1.114683     2.015041
    0.906328     2.379694    -0.500891     0.947579     1.476231     2.307382     2.710174     2.866631     2.601492     3.480770
    3.165450     2.085964     2.312694     3.037592     1.897188     4.304685     4.017890     3.405375     3.448516     4.606847
    1.981392     1.304436     2.053843    -0.159378     1.263888     0.007543     2.308324     1.168592     0.289685     1.264667
    0.288288     2.450751     0.350151     3.939223     1.027415     3.290132     1.504589     2.270843     1.723586     1.850471
   -0.625253     5.041766     0.956982     3.831091     0.659078     3.679751     0.346400     4.027718     1.524816     3.347811
   -1.574856     4.571272    -2.937969     4.300583    -2.174324     3.446297    -3.083139     4.795306    -1.077888     3.731097
   -1.293436     3.639127     2.003437     2.294601    -1.324725     4.917735    -1.621384     4.948316    -0.449390     2.464692
    1.624112     3.928148     4.075141     4.686166     4.458491     3.434289     3.264925     4.966037     1.937868     4.502595
    0.103870     5.226778     1.692770     4.764075     0.055016     5.968294    -0.504244     4.438754     2.506109     1.265085
    1.557063     3.223747     2.078562     3.803138     2.205667     3.257391     1.479895     3.054108     1.072897     3.170378
    1.816394     2.888904     2.426987     2.626531     3.234699     1.901831     1.701995     1.778558     2.281929     1.940199
    4.246856     0.783991     3.169702     0.687005     3.424079    -0.043377     3.619758     0.542347     2.255306     0.875324
    0.738810     1.633173     0.301971     2.156608     0.193514     1.399582     2.239887     1.035918     4.804403    -0.254226
   -0.398586     2.469155     0.027277     3.340294     0.754020     3.867025     1.685932     3.157129     0.453320     3.617298
    3.445046     3.475797     3.748238     3.056070     3.928693     2.867457     2.512687     2.250502     2.282901     2.301400
    0.790940     3.151305     1.041943     3.370608     1.358520     2.958404     2.369524     3.438423     2.128770     4.035303
   -0.202723     6.042389     1.667547     4.997895    -0.200829     3.552049     1.591343     3.897303     3.078485     3.749669
    0.590254     2.533587     0.669392     4.439428    -0.028962     4.805584     2.856640     2.856442     1.582887     4.185707
    2.217883     3.026589     1.998846     1.833291    -0.074491     2.283243     0.472300     2.060412    -0.512985     3.338318
    1.869921     0.083808     1.439655     0.746644    -0.259164     2.891873     0.739011     1.893883     2.360739     0.536551
   -0.516620     1.861826    -0.193512     2.639228     0.459695     0.682205     1.661293     0.717047     1.802084     1.482300
    1.653847     2.486415     2.332014     2.282643     0.810653     4.252841    -1.481212     4.987813     0.874760     3.840777
    1.617149     1.236130     2.825368     0.478487     1.391522     1.173571     0.912259     1.931576     0.251520     2.791303
    1.714018     2.253701     3.385718     2.458716     2.141428     2.593538     1.944392     1.648887     1.323767     2.076765
   -0.065041     4.833464     2.267174     2.915041    -0.430340     4.881778     0.787866     3.071922     2.101608     4.844321
    0.795949     3.263067    -0.353447     1.708233     2.368086     1.342987     3.727130     1.048742     1.560940     3.196228
    3.963378     2.965809     2.923860     2.754636     4.147769     1.981929     4.710281     2.391235     3.597011     3.028177
    2.462733     2.835318     3.183528     2.878302     1.652844     2.961478     1.456777     3.736080     0.775492     4.136198
    0.758865     2.223987     1.413823     2.870186     1.826436     4.649379     1.205732     4.242961     1.944074     3.027560
    2.816008    -0.264005     1.709296     0.116506     2.519849    -0.927913     2.690231    -0.028524     1.555394     0.883089
    1.779290     2.261631     0.056573     4.888137     1.056545     2.296634     0.876968     2.137661     1.667589     1.273832
    1.188850     1.379210     2.548666     0.823244     0.924492     0.844248     2.224346     0.416780     1.440107     0.431123
    1.496693     2.701657     1.309582     2.696367     1.577104     1.654341     1.074683     2.773722     0.132448     3.111686
    0.743719     3.788063     0.921551     3.327576     2.010387     1.927689     1.369605     3.438311     2.768537     2.892560
    1.863598     5.760340     1.543703     5.080490     1.958984     3.974476     2.355083     5.320219     1.908192     4.659392
   -0.087219     3.485838     1.431581     3.365918     2.326281     3.517025     2.331678     2.917002     1.621722     2.940109
    1.146165     0.831967     2.931169     0.061373     1.453574     1.472310     1.668136     1.144294     2.170818     1.209608
    2.887946     1.472651     3.022740     0.812555     2.728482    -0.068790     3.484479     0.575676     3.743981    -0.772218
    2.955686     2.803952     2.950035     2.746794     1.972919     2.537374     1.809221     2.187206     1.797036     1.848976
    1.589261     3.397940     1.439802     3.527963     2.945583     2.186167     1.051455     3.110990     1.252119     2.632013
    1.353275     5.041302     2.236986     2.930058     1.118036     3.979287    -0.401525     4.828689     0.824747     2.687282
    5.433242     1.079178     4.132667     2.005406     3.854538     3.279772     2.788595     3.885480     4.108457     2.446257
    1.370175     4.045502     0.310110     4.225234     0.164198     5.042499     1.198007     2.774568     1.370684     1.718736
    2.766279     1.621389     2.036701     1.381258     3.092989     0.481540     2.696846     0.107306     2.947989     0.333325
    0.559709     6.516413     1.145087     5.208121     2.628440     3.758255     3.320096     3.440284     1.523144     2.539562
    0.798583     3.583965     0.517426     3.206747     0.867643     5.421367     2.891236     2.845192     1.822832     3.741305
    1.835093     0.190800     0.495160     0.545715     0.087640     2.849945    -0.709386     3.064303     1.157653     1.247031
    0.562684     2.700736     0.077432     3.714471    -0.555564     3.437293    -1.201280     2.618696     2.345090     2.424434
    0.282996     3.780529     0.249861     4.612607     0.802922     4.675441     1.064868     5.244069     3.117997     5.207644
    0.483788     1.623196     0.201128     2.929226     0.972360     3.529011     2.888307     2.396901     1.901107     1.975011
    1.126968     3.876955     2.822684     2.696466     1.890097     2.284188     1.045689     3.181397     0.309458     2.862479
   -0.746146     3.190654     0.921175     4.298267     1.109464     4.189819     1.136362     3.547413     0.815978     4.043734
    1.542819     2.403436     0.694227     3.955443    -0.291527     4.925893     0.590374     4.510743     3.219089     3.176030
   -0.672659     3.626522     0.364403     1.731964    -1.973832     3.217893    -0.418366     3.746678    -1.647250     4.360315
    0.945993     1.870930     1.093271     0.439735     0.887820     3.019504     0.966978     3.420494     1.116876     2.945586
    1.484062     2.656048     0.865395     2.757769     2.162770     2.708931     1.645716     2.070441     2.000060     2.867188
    1.960427     1.738696     1.935462     2.413627     3.547369     1.409403     1.771553     1.975546     2.419830     1.459379
    0.874010     4.079923     1.039204     4.380189     1.479641     4.794595     1.419111     3.573756     2.270770     2.523226
    2.732721     4.921443     2.790682     5.068623     2.429713     4.651843     4.299523     3.708451     2.684204     3.655832
    3.040952     2.084416     1.991515     3.452368     2.421977     3.179661     2.886272     1.385572     0.138767     4.492311
    1.690148     2.105570     1.124254     2.973267     2.789757     2.219775     1.466802     2.807459     0.838465     2.843401
    1.802063     5.909311    -0.106434     6.302376    -0.098288     5.084683    -0.610228     5.548158     1.456676     6.544496
    0.677804     5.483091    -0.030413     6.271449     2.434861     4.802094    -0.934432     6.830306     2.381186     4.023851
    2.125198     1.117965     1.291139     1.346417    -0.567988     2.950993     2.097542    -0.172632     1.623547     2.593422
   -0.142098     2.628688     1.774130     1.530621     0.495875     2.807122     1.806271     1.020443     0.083208     1.775586
    1.806391     2.347915     3.321453     3.473428     3.073034     3.368867     2.646897     3.383512     2.545613     2.827081
    1.325337     2.012092     1.681945     3.151818     2.095219     3.075266     3.752029     1.408632     3.878705     0.141838
    4.189434     2.087198     3.004686     2.061463     2.502357     3.652134     2.876422     4.483012     4.406166     3.035114
    1.456187     4.415509     1.378497     5.088951     0.127840     4.990074     0.360209     5.019815     0.980448     4.166353
    0.920057     2.227355     1.242257     2.183781     1.821766     0.539633     4.259023    -0.644391     3.665471    -1.178656
    2.279804     0.323332     1.081778     2.627983     2.092525     1.315067     1.996322     0.743476     2.103869     0.656533
    1.933531     5.048596     0.446219     6.092442     0.656932     5.987186     1.314281     6.255022     1.767624     6.391413
    1.225671     3.802919     0.873053     4.737047     1.649899     5.258977     1.676178     3.458394     1.802873     2.963225
    2.934548     3.156899     3.413749     4.222034     4.140605     3.760863     3.672767     3.262524     3.811646     3.706334
    1.650679     1.482254     2.701841     1.478910     3.055131     1.181906     2.809728     1.889485     3.724768     0.264168
    1.074643     3.497154     1.558765     2.280494     0.496470     2.489468     1.379927     1.509160     1.006052     1.177231
    2.952721     3.430205     3.239307     2.188966     2.239756     1.958213     1.930455     1.390905     0.392908     4.023910
    0.626498     2.848206     1.816012     3.022062     1.877072     2.791560     2.124452     2.769301     2.747764     3.612462
    2.548290     2.710666     1.816535     3.692436     2.070241     2.851708     0.927563     3.636453     1.455418     3.271689
    2.527122     2.127592    -0.134141     3.568461    -0.636827     2.940316    -0.874915     3.788041     1.542864     3.270086
    2.523000     2.454983     4.094675     2.635247     2.269847     3.324386     2.221522     2.589215     1.552386     3.477975
    1.591638     1.951408     0.901430     3.654607     2.179505     3.278884     2.931147     3.691189     2.058911     3.450040
    3.110110     2.707387     4.371139     1.941253     2.289351     4.062659     1.679161     4.622654     0.956618     4.147620
    1.230402     4.042738     0.909347     2.710573     0.997214     2.321707     2.271764     1.879715     1.755658     1.929052
    2.741976     4.230685     3.117201     3.239311     2.908924     2.004241     3.527341     2.594212     4.567578     3.407420
    2.316636     1.460196     0.403891     2.963199     1.561502     2.082546     0.239702     4.132992     1.377953     3.895974
    2.112233     2.341675     0.828351     2.144358     0.856670     2.855951     1.318828     2.501914    -0.732850     4.411004
   -0.703461     2.243620    -0.225596     3.606639     1.681665     1.363816     1.792175     1.357962     0.730855     3.067639
    3.347208    -0.952068     4.065174    -0.545740     3.546272    -1.104295     3.164348    -0.012670     4.616594    -0.766389
    2.732473     2.429636     2.001087     3.059317     1.476456     3.817235     1.174020     3.389731     1.926170     2.163965
   -0.360405     3.508265     0.395671     3.277652     1.053910     1.945370     1.149234     3.063131     3.513556     1.791406
    1.138047     3.200972     0.851345     4.186427     0.917504     5.441637     1.847565     4.243347     3.253253     2.972030
   -0.459301     3.508642     0.509353     3.327408     1.825409     1.852859     2.072678     0.510988     2.422176     0.461934
   -0.811204     4.505693     1.219648     3.480234     0.751157     1.985741     1.806948     0.525614     1.439980     1.643292
    1.612131     1.782882     1.397728     3.650653     2.088393     2.395325     3.072197     0.979806     1.641194     2.418980
    4.468130     2.833425     3.489169     4.340771     4.222682     4.055550     2.887374     2.938719     4.436916     2.024078
    2.134728     1.122011    -0.008422     2.977455     0.132880     3.785975     0.389484     5.168410    -0.973999     4.566571
    1.518075     3.028466     1.317363     3.705972     1.305333     3.937722    -0.159535     4.564189     0.903422     3.631807
    0.684507     3.214990     0.717032     4.270100    -0.778277     4.797143     0.894982     4.101671     1.593715     4.460157
   -0.452679     6.051425     1.852538     2.990939     2.181828     2.655645     1.130900     3.274807     1.891386     2.177890
    3.106096     0.802836     4.081483     0.387362     4.675196     0.089777     3.965904     0.705272     4.128441     1.156795
    0.974115     2.393423     0.283351     3.028187     1.015100     3.518030     2.113629     3.061401     1.559993     3.239020
    5.095514     1.232891     3.467018     2.704754     2.813026     2.320062     3.263835     0.797811     2.689616     1.991673
   -2.171599     3.050113    -3.146883     3.887827    -2.036927     3.942359    -2.444016     4.661368    -0.912682     2.922397
    1.331163     2.097863     1.568709     3.134635     2.802679     3.750437     0.952145     5.088489     0.909419     3.818771
    1.640736     2.241110     1.372174     2.109405     2.188738     2.125972     1.720895     2.264628     2.061999     2.430886
    0.478751     3.095634     0.450196     3.387044     0.915029     5.176757     0.287048     4.920133    -0.285177     5.455598
    4.118058     2.598943     3.206891     3.823003     2.673451     4.144142     2.475989     3.653026     5.064338     3.102888
    1.046243     2.084630     0.517720     3.218837     1.839472     1.722480     3.060094     1.955542     1.226754     2.136239
    0.682721     4.907170     1.484681     3.460099     1.422259     4.446502     1.492894     3.409286     2.391578     3.091558
    4.582168     1.146373     5.279968     0.247022     3.957533     0.603739     1.692093     0.516679     2.483041     1.280805
    1.036315     3.072193     4.311072     2.470061     1.220285     4.571841     2.874174     4.823417     3.433047     4.244568
   -0.421158     5.318267     1.144887     2.797990     0.214631     3.344937     0.060978     5.484867     2.201798     3.947264
    1.111337     3.555994     0.417972     3.390149    -0.226912     4.895529    -0.526321     4.866831    -0.396177     4.557321
    2.032311     4.084097     2.458622     2.748939     3.831797     1.106086     4.182636     2.396347     3.594366     2.445089
    1.774567     3.260562     0.789495     2.771157     3.622299     1.355006     2.907223     1.331684    -0.098436     2.671985
    1.114652     3.349988     2.278634     2.881755     1.088838     3.234058     2.284325     1.746139     3.993206     2.362726
    3.457057     1.308822     3.482516     2.103628     2.924063     3.096683     3.054906     3.404662     4.046915     3.080505
    1.175785     3.943735     0.948989     3.813712     2.080701     4.505272     1.196355     4.252062     1.176561     4.034773
    3.087604     1.817167     4.736975     0.787113     1.935111     2.188416     2.144768     2.823813     1.957702     2.441633
    1.827434     3.497988     1.279431     5.331650     2.388073     4.554263     2.246563     5.245905     2.539427     5.422770
    3.144955     2.859706     2.946029     3.357201     2.632381     4.308443     2.328654     3.863924     2.423824     3.955017
    1.452905     2.044814    -0.397328     2.925983     0.029964     3.017869     1.838695     1.663332     2.241157     1.631241
    1.801852     2.681239     4.691076     1.499674     4.232142     1.313126     2.631317     2.840332     3.309951     2.723508
    1.480397     4.127288     1.512095     3.136831     1.070246     3.889038     3.515563     1.018878     4.602932    -0.574510
    0.771973     3.051810    -0.163794     3.634028     1.394158     2.388412     2.384131     1.410547     2.013344     3.484552
    2.579280     4.810026     1.422060     4.766825     2.462463     2.915104     1.906224     1.894340     3.607295     1.260319
    0.515910     5.163307     0.994534     3.140021     1.947522     3.774356     2.739817     3.129322     0.894788     5.941755
    1.749447     2.605244     1.068385     3.566127     2.689314     3.081821     3.387396     3.917673     2.278195     4.842368
    2.874153     2.778598     2.083457     3.314841     1.490084     2.988821     0.148065     3.688797     3.235124     1.381727
    3.052968     2.361008     3.179903     2.463955     0.871458     3.035064     1.864374     3.525257     3.840040     2.071019
    2.076045     2.391081     0.755659     2.650937     1.465160     4.230436     0.050925     5.085471     2.498842     3.686646
    0.328611     3.949707     0.602265     5.412894    -0.419330     4.819973    -0.662847     4.635366    -1.004355     5.667675
    0.206424     2.201495     0.415615     1.638247     1.341349     2.082862     2.102239    -0.602597     0.768353     2.047761
    0.676064     2.761666    -0.209462     4.682459    -0.843545     5.259837    -1.389927     5.077517    -0.120550     4.752946
    3.002303     2.527969     2.436624     2.075502     2.778819     3.646385     3.114053     3.083817     3.868107     2.833923
    3.385476     1.565131     5.366681    -0.346917     2.806005     0.659286     3.287349     2.464019     5.896909     1.539581
    4.238468     2.905032     2.830515     2.960269     4.114353     3.276624     2.496467     3.603236     2.349575     4.880725
    2.580207     3.485353     2.308842     2.289027     2.811018     1.897553     1.871236     2.284421     2.982053     2.939721
    2.967863     0.854702     2.461730     0.904700     2.351599     0.998920     1.642396     1.320760     0.500700     1.856757
    2.130305     3.129482     2.151481     2.952141     4.807455     1.416339     3.662793     1.097075     2.605868     0.847533
    4.102560     4.634735     3.671222     3.101795     4.245414     2.880329     3.147377     3.340877     2.887704     3.147973
    1.908919     1.485755     0.431587     3.953624     1.429905     2.534879     2.389689     4.070453     2.834694     3.213836
    1.094868     2.332791     2.511713     2.429637     1.141356     2.341919     0.562461     2.238869     2.594970     2.463423
   -0.051033     0.647810    -0.470656     1.509573    -0.517274     2.416724    -0.732860     0.961964     0.729580    -1.110028
    2.879633     3.645327     2.430246     3.634951    -0.212271     4.842892     1.177694     4.357238     2.718018     3.450956
    0.915976     2.937766     1.415524     3.552131     0.782067     5.720450     1.675198     5.221620     2.239841     5.655809
    2.545644     1.015920     1.873181    -0.496389     1.442103     1.072462     2.254522     0.965457     0.544161     1.087355
    0.695515     2.867298     0.391428     2.478129     1.039887     2.224518     2.675562     1.470581     2.463723     3.556280
    1.062094     4.934634     3.253068     2.165909     0.965704     5.410059     2.183063     4.523883     2.057689     4.750867
    4.442770    -1.006928     3.725265     0.379290     3.919867    -0.329263     3.556506    -2.244663     1.983943    -1.155792
    3.214464     1.835794     4.964269     2.768466     4.179606     3.387182     2.544160     4.311012     2.197942     3.233706
    0.104599     4.445873     1.861477     3.515466     2.681027     3.115830     0.978665     4.065943     1.722559     3.147556
    0.727318     4.991309     0.468166     6.838555     1.140040     5.199359     3.425277     3.634871     1.514484     5.821625
   -0.703168     4.100320     0.162289     4.204498     0.037840     3.899059     1.838884     5.022442     0.566378     4.847922
    1.300010     2.407447     2.024408     2.380816     1.862673     1.796940    -0.926721     3.357629    -0.607168     2.724015
    2.349658     3.022209     3.304380     3.484631     3.016863     0.974315     1.734913     1.928174     3.920255     2.160408
    2.873156     0.697408     4.094792     2.358491     2.759070     2.966825     1.955627     4.243555     2.823744     2.901180
    1.627867     0.328606     1.425764     0.895748     3.332842     0.073215     2.885857    -2.243286     2.840141    -1.716351
    1.998705     2.924731     1.837521     2.482985     1.048891     2.676701     1.531756     2.587063     0.354133     2.735782
    1.151228     1.781294     2.730979     1.084678     2.001376     2.235624     3.069292     1.959931     4.682501     1.165861
    0.670879     3.719409     1.192420     3.895686     1.038960     4.289639     2.150368     4.853873     3.619778     3.078434
    0.280912     3.860526     2.115175     2.429259     1.957769     2.571728     1.106599     3.394958     2.439488     2.800629
    3.208778     2.119472     2.469852     1.568732     0.241649     2.990172     2.094744     3.129871     0.250982     4.223952
    0.614658     2.672016     2.179815     1.328280     1.208954     1.522876     1.275058     2.717149     2.130326     2.793049
    0.773682     3.796153     2.349926     3.820878     1.448914     5.334935     1.815970     4.323967     0.595139     5.308651
    1.915439     3.092622     2.390522     4.321815     3.398952     4.626996     3.351994     4.249745     2.436831     4.608066
    0.021372     4.696385    -0.512463     4.416591    -0.608564     4.425651    -0.019252     4.265368    -0.159062     4.754027
    2.460043     0.410755     1.360129     0.707764    -0.050558     0.786305    -1.656766     2.051040     1.018493     1.879071
    2.795305     3.112335     2.739048     5.005736     3.529507     4.748378     2.621106     4.832573     5.586379     1.526539
    0.395140     4.206307     0.277001     4.820117     0.715390     3.380365     2.889350     2.847133     3.113539     2.897984
    3.126380     1.609233     3.043367     1.844989     1.396212     3.856900     1.350072     2.658008     1.623112     3.876854
    0.979183     4.166429     2.614749     3.284005     1.478779     3.932914     2.748601     2.617861     1.938490     2.118704
    3.937041     1.147075     1.760410     0.382390     3.636469     0.485881     1.403077     0.913970     2.131545     1.461948
    0.690134     4.752207    -0.161033     5.422385     1.203446     3.936018     0.311294     4.086739    -0.674145     5.426143
    1.222723     2.389270     0.421450     1.772145     1.363783     2.958513     2.040758     3.625822     2.743098     5.197667
    1.642352     5.030261     3.557858     3.547142     2.958230     4.223237     3.055896     3.740041     2.706660     2.495595
    3.098838     2.302594     4.219644     2.176523     2.442441     4.659801     3.122980     2.304172     3.193267     3.971350
    0.799677     2.511352     0.533971     2.862423     0.977573     2.829727     1.028264     2.804291     2.027235     1.698883
    2.008264     3.483870     1.439606     2.850561     0.986507     3.714100     2.560513     3.678332     1.412142     4.910231
    0.755372     5.302235    -0.243019     4.430535     0.381759     2.971088     0.935621     2.318280     2.651867     3.069900
    3.801665     3.271663     1.884270     5.804010     2.366071     4.633113     4.031847     3.286413     2.348265     2.869658
    3.204664     2.107915     1.280620     2.627927    -0.814046     2.805783     0.708286     2.521303     2.412657     4.193032
    0.317572     2.915837     2.024805     3.009034     3.571413     2.847691     3.651292     0.487420     4.227528     0.811945
    2.981947     1.771050     1.601445     3.586183     1.591565     2.872009     0.699611     2.338658     1.241042     1.202109
    0.598158     3.427816     2.084749     3.714583     2.064781     3.557235     0.836377     3.481806     1.060558     2.977639
   -0.352855     5.619464    -0.810704     6.065630    -0.402355     5.823945     1.224472     4.115370     2.740316     2.444880
    0.576649     3.229883     2.382984     2.175427     0.586398     3.514643     0.258396     4.466834     1.403273     3.745462
    2.732037     2.847932     2.573650     4.034584     2.571325     2.930674     2.595612     3.345764     2.186544     1.702412
    0.215908     2.790702     0.709419     2.236038     1.608888     1.742160     1.372432     2.981668     2.745932     1.409880
    2.475935     2.128610     2.643604     1.617501     2.557259     1.257167     3.606234     2.323721     3.924365     1.972947
   -0.547680     3.872274    -0.620644     2.646901     0.316605     3.006076    -0.630754     4.113718     0.110480     4.402580
    2.370358     3.167167     3.522051     2.566665     1.160206     4.399874     1.382028     5.021263     1.600116     5.366805
    1.865355     2.494000     1.685425     3.174777     3.282734     2.905438     4.581594     2.756112     3.294308     1.576282
    1.043153     3.977825     1.303741     2.709885     3.028618     2.157187     0.245132     4.218268    -0.872952     4.795351
    3.104979     0.893259     2.900999     0.534013     1.586727     1.820691     1.433874     1.866879     2.002605     1.348666
    0.920378     2.456806     2.495048     1.131865     3.450154     1.206576     2.911053     0.847572     3.265596     0.419222
    1.058108     1.459866     1.472801     2.083610     0.857414     2.028689     2.083961     1.533415     3.316008     1.097216
    2.786854     0.650862     3.531000     0.778006     4.288653     0.273609     5.229298     0.643159     4.500176     0.144902
    2.694672     2.009589     2.583117     3.099260     1.288577     2.567067     1.306622     2.780976     1.425561     3.667730
    3.477236     3.531918     4.228080     2.914172     2.625662     3.795115     2.200176     3.758462     0.399766     3.744860
   -1.048790     4.267331    -1.798530     5.591452    -0.239267     3.744151     0.932919     2.256881    -0.056188     4.569425
    2.831868     2.709109     1.970157     3.855866     2.368304     4.500075     1.115222     5.655988     2.379203     4.961250
    1.933258     0.753489     0.944444     1.734146     0.746197     0.938203     2.367248    -0.507697     2.037004     0.559166
    2.819197     3.579368     4.004577     2.084555     4.832586     1.076407     3.472214     1.845981     2.650453     2.987257
   -1.495958     2.658599    -0.440419     1.992514    -1.732953     3.455487    -1.198257     4.171309    -0.145448     3.691314
    3.796903     2.946154     1.251761     1.951070     2.755642     1.005974     1.227939     2.099112     3.284984     2.743472
    2.830378     2.211431     2.076222     3.431641     3.669536     2.932492     2.089516     2.228812     2.538776     3.276653
    0.928400     1.795433     0.774248     1.835190     1.324115     2.531383    -0.196500     2.856954    -1.969783     2.516737
    1.800343     0.731667     2.575892     0.379430     2.502587    -0.329187     3.980537    -0.435677     2.029404     2.107204
    3.651721     1.288179     3.306064     2.259411     2.948021     2.576563     4.516609     2.418236     1.227860     3.067677
    0.131689     2.364519    -0.057225     2.818576    -0.345863     3.584250     0.543752     3.855916     1.566192     2.592111
   -0.828329     6.393311    -0.823330     5.102607     0.872671     4.574187     0.411631     3.786588     0.357720     4.148615
    2.095138     1.647567     2.203236     1.366375     2.177062     2.231928     1.512183     2.570233     1.662417     2.955282
    1.571168     4.729348     1.802702     3.069015     0.354204     3.768975     1.141621     3.420976     0.601481     1.877580
    0.434908     4.808205     0.971998     4.656756    -0.264347     5.463530    -1.152122     4.961492     1.137184     5.430249
    5.225613    -0.880168     4.434374    -1.489213     2.933619    -0.104449     3.497501    -0.960566     3.379564     0.001637
    0.699955     3.658083    -0.597629     2.216222    -0.036214     3.812464    -0.251465     4.503096     0.158063     5.239228
    1.058435     4.348335     2.719522     2.295623     1.273255     1.523375     2.833455     2.026802     3.952711     3.996659
    2.343155     3.783877     0.850309     3.571834    -0.384121     5.043272     0.806423     3.336489     2.037215     4.065490
    1.958173     2.940985     4.584965     0.842649     3.157540     1.632254     1.796629     1.341215     4.919594     0.467728
   -1.699924     5.180412    -0.635440     6.937283     0.349293     5.545085     1.014493     4.709311    -0.020800     5.170698
    0.781869     3.818144     1.379322     1.973867     3.222611     1.318648     2.251022     2.445433     2.082155     3.036470
    2.878521     0.686342     1.188611     0.470914     2.129181     1.496990     4.202078     0.371281     3.076328     2.969793
    2.161569     0.727893     0.765880     1.327004     1.278563     2.961413     3.033695     1.993157     2.900801     1.584570
    1.156849     2.274797     0.574748     2.301006     0.856239     1.075874     1.737622     2.041191     1.444010     2.905701
   -0.336101     3.091116    -0.671980     2.984060     1.525344     1.632109     1.742483     1.236883     0.007177     2.243670
    1.840164     2.545011     2.007250     3.041773     1.289469     3.895495     2.056972     3.148106     1.539815     2.973151
    1.187584     3.376084     1.507559     3.604994     0.588674     4.034915     1.064852     6.065329     0.476409     4.183594
    4.831162     1.596559     4.530787     2.712920     6.336608     0.753443     5.625273     1.485921     5.688411     1.329011
    0.231725     3.462219     1.716275     0.110115     1.955175    -0.671129     1.020961     0.933307     1.476503     1.351871
    0.936268     3.379536    -0.077449     3.177812     1.584096     3.104357     1.861146     2.699766     2.279244     3.146494
    1.684799     3.691163     4.099995     2.148691     3.339991     3.655162     3.437233     4.308766     1.825552     3.270834
    3.193157     4.063426     4.201470     2.992112     5.466404     2.052730     3.705435     3.754524     3.317343     3.337042
    1.917058     4.754988     1.528950     4.674738     2.231688     3.094812     0.964409     4.144129     1.640712     5.058640
   -0.797050     4.870831     0.936303     4.737469     3.368008     5.648073     1.841672     5.289957     2.708803     4.734957
    3.432620     2.672420     2.469040     2.283597     3.003130     2.811989     2.327484     3.596138     2.614503     2.688458
   -0.280668     5.661657     1.021680     3.613227     1.366084     3.242183     1.942467     3.900880     1.038433     5.546254
    0.112064     3.558411     1.292484     2.521607     0.044568     2.664421     1.746186     2.263609     1.498205     2.499727
    4.301444     3.518673     4.873660     3.110567     4.766528     2.191485     4.429052     2.202801     3.782030     0.970931
    1.642888     4.747882     0.837274     6.728940     1.831298     4.855638     1.336775     6.021559     0.962210     6.340337
    1.286705     3.395767    -0.000525     4.599589     1.451330     3.874951     1.465563     3.942154    -0.091369     3.591788
    2.397568     3.167561     3.378850     5.082547     3.532594     2.449386     5.061302     0.571226     5.605413     1.367698
    1.128049     4.137535     2.529726     2.718810     1.472800     3.277972     2.044456     4.224685     3.162969     3.341959
    1.784705     0.607492     0.458413     2.247938     0.177511     1.371305     0.661361     0.932453     1.231731     1.683584
    3.322053     0.640074     1.857271     0.909160    -0.530416     2.671309     2.726084    -0.521693     2.068791    -0.213804
    0.668935     2.934403     1.544691     3.522609     0.059273     1.849957     0.798201     1.972608     1.084167     2.164514
    2.775830     1.782538     1.581980     3.930775     2.060212     4.077538     1.376631     4.144253    -0.049451     4.632142
    1.898785     3.146328     1.416747     3.818301     1.366404     3.205100     0.650978     3.351362     1.496355     1.402407
    1.855997     3.089591     1.447775     2.385840     1.957217     2.287532     0.763835     3.041565     3.577520     2.283203
    3.841000     1.414818     4.591033    -0.007595     3.591316     1.717990     2.583131     1.421864     3.116907     3.195200
    3.846720     0.789848     3.799977     1.577810     3.351183     0.811980     2.951850     1.146782     2.893819     1.630874
    3.090740     2.798100     3.718113     3.673128     3.531166     3.005938     2.856551     2.679927     2.304840     3.521910
    3.770535     3.211986     2.850811     4.627814     2.296429     5.526047     3.335311     4.271582     1.969331     3.495500
    2.596858     5.076684     2.679663     5.030945     4.068137     3.547286     2.579437     4.002732     2.052210     4.109164
    1.019924     3.285961     1.492864     2.835110     1.550604     3.175234    -0.015997     3.916838     1.666495     3.881089
    5.306463     1.546782     3.456414     2.770434     2.040067     2.637610     2.124878     1.024484     2.146223     0.911361
    2.636743     1.823918     2.359740     2.804569     4.323274     1.316015     1.819773     0.598012     2.087011     0.906339
    2.114383     3.497092     2.273163     2.191178     2.317069     1.617126     0.862820     2.935468     1.627861     2.015383
    3.261697     0.935646     0.996080     2.663810     0.945456     3.312946     0.980921     3.133366    -0.204999     4.820298
    1.529791     5.430073     1.515155     4.917784     2.978648     6.360899     2.429377     6.133989     1.634066     6.291683
   -0.366170     2.830047    -0.759518     4.777943    -0.518331     4.439479    -0.676049     3.563768     0.073457     3.512805
    1.910383     3.245135     3.362074     2.997582     1.310386     2.049741     1.406761     0.640861     2.050635     2.496515
    1.081321     1.809232     2.047258     1.795967     1.859318     2.924367     2.357915     0.719736     2.457377     0.209664
    0.694654     3.205818     4.101637     1.387814     2.720007     1.065977     2.647217     1.305208     2.121705     1.361699
    2.917568     1.836763     1.528940     2.800017     0.620335     2.536881     1.895946     1.308823     2.902472     2.345697
    1.695073     3.217268     3.255695     3.081584     2.027108     2.394489     2.857669     3.756808     2.744578     1.449536
    1.594708     2.037038     0.623307     4.881326     1.486750     3.122836     2.856135     3.735131     3.161471     1.840988
    2.041031     2.856289     0.907131     2.250280     1.351357     1.362970     2.628131     1.352574     1.192064     2.051968
    0.175103     1.886927    -0.378016     2.769532     1.742984     1.638358     1.975039     1.444451     0.474589     3.325614
    4.862464     4.159672     4.137438     5.283745     5.031096     4.287387     3.448260     4.417300     4.864295     3.650757
    1.200625     1.868112    -1.244741     1.781060     0.429341     2.246457    -0.197462     1.988287     0.015448     3.541142
    0.009139     5.266465     0.526232     5.245930     1.236844     4.460278     0.175566     4.264275     0.738715     4.805724
   -0.833598     2.466168    -0.148746     2.395663     0.639337     1.706475     0.428977     1.546932    -0.090845     3.609941
    3.155158     1.225765     3.326259     1.078167     2.796692     0.588916     3.059845     1.198952     1.364144     2.309081
    2.358959     5.490276     3.788160     4.649202     2.190350     4.178524     2.469113     3.532215     4.148751     3.547059
    3.944952     2.398698     3.400732     2.555497     3.493719     3.371924     3.921626     2.281618     2.328834     3.576111
    3.655157     1.022778     3.900753     0.798113     1.431300     1.866369     2.343804     1.975839     3.859628     0.532950
    2.440752    -0.054560     3.553366     0.515053     1.416983     1.029859     1.268045    -0.045334     1.192924    -0.624330
    3.025567     2.356147     2.308710     0.595480     2.436276     1.531166     2.779668     2.646181     1.694179     2.870314
    4.117347    -2.992463     2.835721    -0.806836     4.684096    -0.338557     5.456656    -0.534951     7.776919    -1.558519
    3.162771     1.624000     3.607376     1.087078     2.935360     1.913271     2.094532     3.151066     1.746579     3.455977
    1.314380     2.391835     3.323089     1.248747     2.165562     2.712221     1.030502     3.974028     0.340379     3.443195
    2.347274     1.108614     1.540632     2.328672     2.507202     1.719971     2.750901     0.017040     2.268459     1.307592
    2.802098     2.141645     1.708834     1.306733     1.221302     2.831524     4.950782     1.686369     1.808246     3.645505
    1.744607     1.906262     1.346073    -0.108097     1.285566     1.393975     1.121266     1.564514     1.137845     2.544128
    2.567018     1.374290     2.854111     0.009247     3.139959     1.261733     0.569156     2.133771     0.122543     1.657517
    0.765912     4.279653    -0.043282     4.896813     0.895014     5.352385     0.720881     5.768666     1.445591     5.897049
   -0.101802     3.221222     1.445714     2.109209     0.384649     3.048874     0.299373     2.764801     0.806821     3.326868
    0.283048     2.019910     0.109566     3.250375     1.114375     2.199045     1.464113     1.992316     2.977209    -0.462551
    0.452311     2.745649     2.263249     4.515981     2.186847     3.235010     1.622818     3.332594     2.193025     3.742164
    3.636275     4.543845     3.266401     4.603565     4.111964     5.602086     5.962787     4.606631     4.956181     5.138687
    0.486615     1.432104    -1.646353     2.486959    -1.557685     3.507506     0.420514     2.740218     2.132689     1.792502
    0.426830     4.864788     1.455429     4.258153     1.723636     4.515367     1.704957     4.847034     1.682579     4.917513
    3.253430     4.455603     3.378234     4.341634     1.103004     4.420879     1.664978     3.134038     2.992091     1.869127
    3.494078     2.515456     1.074277     3.618317     1.979605     4.432846     3.402407     4.464530     2.556441     5.701273
    0.359475     4.096109     0.407302     5.216431     1.659020     3.373310    -1.432132     5.321418    -0.465852     3.829576
   -2.329583     4.335939    -0.365552     3.624471     0.961454     2.788353    -0.064046     3.809165     1.215403     1.941801
    3.582330     1.178847     2.619070     1.166197     3.158457     2.474263     2.910940     2.787823     1.630135     2.764471
    2.104965     2.916802     3.175707     2.430029     3.842409     1.708982     4.024713     1.350995     4.499149     1.641325
    1.099329     2.879770     1.010879     3.702912     0.713147     4.728413     0.306670     4.338838    -0.438735     4.475326
    1.622222     0.910133     0.663029     2.023468     1.115853     1.678556     1.226000     2.241146     2.615410     0.860086
    0.269097     1.413210     1.675514     1.743779     0.546834    -0.116883     1.063621     0.293895     3.619737     1.310915
    1.676379     1.309192     2.829034     1.817666     1.970903     2.434506     3.200051     0.812161     4.078271     0.812688
    3.175124     2.080172     0.712739     2.203338     4.443982     0.623762     1.227697     1.184596     2.375384     1.527291
    0.637686     2.050205     0.589028     2.163653     2.228810     2.264708    -0.174005     2.226952     2.435324     0.955265
    1.622976     5.801332     1.130924     6.978546     4.537314     7.338944     1.848074     9.490319     3.694992     6.716669
    0.344320     4.187282     1.546429     3.586379     1.942255     2.848014     2.423486     3.195343     1.257347     3.579711
   -1.337726     3.441520     0.786224     2.777254     1.688189     1.944919     2.329002     2.435090     1.251321     2.742309
    3.752273     1.854351     2.697190     2.705698     0.960758     2.942625    -0.344426     3.215182     2.535801     2.087812
    2.544755     3.054912     2.231669     2.103263     0.407966     3.490003     1.345955     2.166348     1.762538     1.284700
   -0.096956     4.962104     0.655260     3.807241     1.987735     2.662637     2.957642     3.120164     0.984950     4.719888
    2.128398     2.593324     1.131731     2.398962     1.506082     3.994313     2.730048     2.264901     0.254938     3.299832
    3.657788     0.807538     3.893723     0.465746     1.628531     0.353214     2.669220    -0.772994     2.282299    -0.223587
    1.296167     5.099285     1.289132     4.954196     2.425614     4.788837     1.836676     4.745695     4.205779     2.316339
    0.772322     3.197672     1.757166     3.874901     2.236411     4.080517     2.468672     2.494602     2.632492     2.443780
    0.526481     4.561865     0.696274     4.850892     1.514464     2.410004     0.120794     4.350382     1.072546     5.246981
    0.559712     6.494683     1.388681     4.558674     0.239162     5.839712     0.708368     5.424094     0.808220     4.326446
    2.645906     1.000264     2.422047     1.036760     0.424519     1.640801     0.908521     1.183126     2.220646     1.927753
    2.092184     1.233856     2.070651     2.025691    -0.320947     3.415410     2.465640     0.726286     1.636228     2.914808
    1.304130     4.513856     0.091575     6.045303     1.295119     3.518588     0.890161     2.955822     1.363538     3.885376
    0.778492     2.748641     2.813096     4.162173     2.521019     2.796962     1.601208     2.598956     1.370146     2.123220
   -0.127311     5.966360     0.834711     5.651900     0.254948     4.807555     0.361431     4.706220     2.247829     3.173952
    4.177458     1.747363     3.611394     0.799675     4.696170     0.908137     5.978755    -0.261438     4.718460     1.767418
    2.232946     1.770313     1.415491     1.891114     1.787575     1.713227     2.941237    -0.389544     1.616463     0.103794
    1.311529     3.494796    -0.237223     4.630171     3.514333     3.804949     2.518664     3.171044     2.488835     2.028768
    1.095957     1.010073     2.454959     1.840099    -0.262330     1.626642     0.131536     2.374205    -0.195064     3.248302
    1.057193     4.501087     2.185568     4.489979     2.998059     2.732574     3.599955     2.428126     3.818941     1.894268
    0.302547     4.573030     1.998056     4.978183     1.273650     5.784050     2.553843     4.453221     1.362730     4.121307
    4.247575     1.091567     2.425536     3.705856     3.664276     3.374779     3.631405     4.952614     3.310439     3.480240
    0.481935     2.999762     0.088746     4.265464     1.852958     2.348766     0.971438     5.571857     2.130176     4.030928
   -0.835612     2.632616     0.663263     2.083903     0.359330     2.731951     1.741021     1.291686     0.804555     1.253399
    2.025745     5.210189     2.026669     4.181260     1.180034     5.598924     0.647721     5.978112     3.316494     3.220195
    1.703257     3.050413     2.773555     1.814692     0.044056     4.513165     2.066961     3.510611     2.126569     4.861112
   -0.171830     4.178528     0.684542     4.059505     1.219337     3.418909    -0.121126     4.316183     0.329867     3.254359
    4.290956    -0.884988     6.048635    -2.609915     3.670251    -1.045052     4.085449    -1.935145     3.016863    -1.158594
    1.143125     4.136064     2.211962     2.607112     1.950502     1.650341     0.153050     3.280576     1.778429     3.454522
    0.376161     3.221177    -0.723566     4.771960     1.313439     3.460312     0.471242     2.883964     0.881134     1.790813
    0.001830     2.153329    -2.002841     3.130254    -2.023111     4.103218    -0.431746     2.633306    -0.172406     3.101192
    2.033327     3.793153     1.869229     3.190105     2.591712     3.880137     1.178468     4.512756     3.634435     4.040617
   -0.465490     6.047830     0.914385     4.795820     0.734718     5.919358     1.067617     5.510380     2.052623     6.003019
    3.479142     3.887714     3.073573     4.238910     3.069862     2.626492     3.549468     2.905813     2.473957     4.530962
    2.429807     2.867329     2.452843     3.807783     1.503044     4.633965     3.790113     2.755032     1.919065     3.305416
    2.390486     4.654339     2.580928     3.576930     2.854301     2.009311     1.708510     3.671241     1.802931     3.240318
    0.152131     3.355189     1.274921     3.198062     2.493226     2.111781     2.310394     2.465283     1.250776     3.097984
    3.277072     1.953776     2.904614     1.399524     3.424171     1.852363     3.124570     2.281316     6.403960     1.255989
   -0.922530     0.931307     1.996169    -0.159396     1.369123     1.786568     0.369637     2.907804    -0.700009     3.562361
    3.872718     0.633071     4.493702     1.081610     2.794322     0.179281     3.301488     1.179511     2.542107     0.723897
    1.206412     3.193981     3.118255     2.379527     4.200503     1.697904     4.625852     2.898470     4.790520     0.808804
    2.405105     3.088070     1.488456     2.011268    -0.101880     1.785039     0.739669     2.534353     1.008919     2.370041
    1.259651     1.411956     2.497076     0.377972     1.041982     0.778542     1.992913     0.766906     2.227400     0.787941
    3.165029     1.967933     2.937469     1.950534     3.078164     1.765855     4.284477     1.695862     3.927286     0.967068
    0.609671     3.682421     2.903895     3.728345    -0.022191     4.860287     0.054087     6.603192     0.055528     4.890809
    1.476650     0.760902     1.593435     2.990012     2.019619     1.968046     2.603550     3.284511     2.040495     4.845658
    0.336981     2.973129    -0.966572     3.832404     2.037573     3.354011     1.075212     4.299812     1.884633     2.422560
    1.073918     1.886738     2.318769     0.741243     2.066595     1.641952     0.782040     3.731027     2.150186     2.544547
    0.650321     2.688345     0.913996     3.748265     2.422157     3.762732     2.358138     1.599258     3.485346     1.905071
    0.072249     3.296648     2.116880     2.037124     1.567538    -0.022789     2.334728     0.983102     2.240066     1.400085
   -0.223232     2.056960     1.313847     1.267543     1.585376     2.160083     0.338802     2.944587     0.542463     1.463290
    1.011956     2.163782     1.515041     2.020160     3.318221     1.351572     4.018807    -0.430263     3.419867     0.133811
   -0.085405     2.188574     2.073117     0.984897     0.445729     1.841886     0.672679     3.311818     1.067718     0.954755
    4.071207     1.397950     4.563645     1.393095     3.992134     2.298006     3.950269     3.001168     3.545101     2.551619
    2.108417     4.491087     2.884132     4.603349     2.103626     3.986779     0.288716     5.264088     0.786688     3.507866
    1.331295     4.293757     0.747939     5.673704     2.193244     2.685207     4.013541     1.912962     3.597118     2.700173
    1.955684     2.699183     1.584355     3.650764     2.319320     3.666879     2.259798     2.758829     2.577635     3.004889
    0.626145     4.546351     0.426473     3.513508    -0.589561     3.946820    -0.543758     1.917481    -0.318272     2.358487
    1.406195     2.616085     1.278868     0.417572     3.309266    -0.252194     2.276418     1.246670     1.949659     2.576871
    1.364806     2.862030     2.640520     1.864313     2.340758     2.499028     3.521861     2.374802     3.492577     1.377172
   -0.078658     1.784089    -0.279813     0.461546     0.347625     0.826899    -1.081666     3.120053     1.398178     2.095666
    2.887129     4.174321     1.894806     5.980917     2.344356     4.967186     2.620134     4.487522     3.655712     3.584100
    1.108165     3.208722    -0.119166     4.787893    -0.558967     5.267804     0.155401     4.961395     0.230987     5.587004
    1.784084     3.040585     2.893534     0.923648     1.420949     2.140915     3.018941     2.761119     2.330146     2.140196
    1.527397     1.565174     1.492334     3.224183     1.171928     3.639770     0.373517     2.778102    -0.910077     3.606885
    2.971505     0.431446     2.038685     1.661718     1.034009     3.124551     1.592741     1.615271     1.083781     1.731512
    1.614023     1.867947     3.156810     2.820194     2.615236     2.135984     2.433012     2.155293     2.489816     1.867955
    0.957662     0.439909     0.431514     1.261709     2.652398    -0.668357     2.854297    -0.392894     1.154310     1.252614
    3.439405     2.698858     3.044099     3.779533     4.415277     3.783225     1.610023     5.363715     3.905519     3.901053
    0.857063     2.827560     1.821640     3.437212     0.018867     2.971148     2.316306     1.525698     1.163820     2.146217
   -1.661269     4.122161    -0.452516     4.000729     1.479985     3.611627    -0.694452     3.563681     1.965650     1.147860
   -0.527618     4.658827    -0.877050     5.812298     0.207008     5.050144    -0.601312     6.534182    -0.972084     6.201012
    4.097410     2.250277     4.537820     1.906390     4.804204     2.582537     4.863286     2.734715     2.670005     3.387685
    1.862258     0.520958     2.846336     1.709944     5.210293     2.350364     4.799130     1.778605     3.164952     2.517252
    0.118253     4.059320     0.384908     4.047478    -0.053022     5.200099     1.163958     2.064269     2.477892     3.498440
   -0.165705     0.515966    -0.041529     0.044776    -1.213611     0.654646    -0.255404     0.619297     0.473122     1.380100
    2.131968     2.275566     1.000423     1.586421     2.341452     1.709102     0.689171     2.901961     1.963003     2.395476
    3.039809     0.517116     1.367347     2.247769     3.333520     0.696566     0.804140     1.582122    -1.046979     3.157453
    0.758261     3.520541     1.568487     4.817294     1.409530     4.710668     1.041918     4.474585     0.717526     4.799286
    0.982461     4.391201     2.147311     3.765888     0.538618     4.592800     1.393149     3.989595     1.177877     3.777495
    1.031054     4.137874     3.506295     3.249804     4.139524     3.478657     3.189184     3.803434     1.357131     3.878753
    3.521448     2.559346     0.912348     4.249046     2.640029     3.986536     1.571856     3.645149     4.859345     2.784488
   -1.709088     5.094306    -0.884079     5.016956    -1.942885     7.085352    -1.755231     6.350272    -1.343081     4.461873
   -0.398313     3.488795    -0.199659     2.680891     0.766653     1.950571     0.259429     3.889816    -0.637165     4.437367
    3.138524     1.831400     2.519215     0.176970     2.900515     1.351657     2.492649     2.121034     2.573356     1.380850
    1.907800     5.161523     1.648037     4.928152     1.503301     5.457301     3.307818     4.539863     3.046032     4.399562
    1.078503     2.723231     0.231251     4.337706     1.951686     3.203060     1.506602     3.568760     3.823871     3.552207
    0.944266     1.946955     2.014621    -0.416072     0.831354    -1.153214     1.429713    -1.406306     0.883928     2.393348
    1.251893     3.742990     1.528688     5.477943     2.726243     4.381533     1.253896     5.434027     1.565082     3.456414
    4.128850     3.291892     3.532210     1.693699     3.268310     2.201897     1.432722     3.366338     1.606259     3.600342
    1.462263     3.196305     2.802585     2.816575     0.984395     3.422181     1.830953     3.796282     1.202660     4.831184
