    1.117973     2.781995     2.301016     2.536806     1.739255     1.477905     2.797106    -0.819016     2.085886    -0.320035  1
    1.426394     3.030511     2.045344     3.682885     2.822412     3.235848     2.085604     4.181769     0.926668     3.813402  1
   -1.088825     5.245853    -1.819594     4.166819    -1.911916     4.197244     0.550340     3.815101     1.388370     2.976757  1
    2.690842     0.813179     2.191177     1.975352     2.510173     1.747140     1.379136     2.162759     2.882879     1.096989  1
    1.758479     3.444977     1.603350     3.577672     1.826767     4.166473     1.749906     5.412933     2.248638     4.202411  1
    4.650304     0.205179     2.181509     1.170314     3.247860    -0.673617     4.664709    -0.865571     5.644520    -1.552143  1
    1.637512     3.288277     1.102568     4.584531     3.038390     3.247398     2.972650     3.016500     1.390086     4.708761  1
    0.261635     2.225780     1.183189     3.348901     1.329182     1.852105     0.223290     0.840510     0.557423     0.444959  1
    2.205594     3.108787     2.849464     2.363287     2.859052     1.871897     4.553234     2.759994     1.493108     4.971898  1
    0.806995     2.035312     0.683704     2.260478     0.907967     1.435113     1.355659     3.014749     1.594445     3.175277  1
    2.947466    -0.042708     4.862456    -1.699858     5.514996    -0.222181     3.814567     1.045651     4.586668    -0.286870  1
    3.233472     1.462985     3.259272     1.218505    -0.561773     3.981090    -0.244275     2.744726     0.968245     3.214676  1
    2.468113     1.980801     1.723243     2.737132     2.296446     2.898149     3.248280     2.016305     2.646731     1.793468  1
    2.880321     4.440825     2.101101     4.373756     2.747336     3.902369     0.717303     3.683797     3.130912     2.617416  1
    1.613970     4.016764     1.011741     3.344384     2.461806     1.623095     0.646665     3.831709     0.933524     4.943685  1
    1.055291     4.048639     2.660038     2.375048    -0.228559     6.049230     1.558044     6.020830     1.674443     5.309396  1
    0.322130     1.827220     1.737093     0.854374     1.372742     0.861835     2.905542     1.151616     5.145750     0.046616  1
    4.138879     0.786036     4.091003     0.828120     3.033416     1.724435     3.397129     2.349674     3.552307     1.712178  1
    0.593421     3.289379     2.256492     3.206204     0.044157     2.585563    -0.015746     3.158945    -0.521564     3.962635  1
   -0.054362     4.013274     0.870735     4.601072     0.271390     5.151859     1.626979     2.782561     1.937959     2.007360  1
    1.872176     1.999411     3.478669     1.244043     1.496839     2.594285     2.210503     1.851886     3.348978     2.698319  1
    3.970444     1.717538     3.853990     0.751762     3.829333     2.284410     1.191764     3.796812     1.501419     3.204146  1
    2.778483     2.499199    -0.494673     3.254990     1.561817     3.526302     1.666821     3.236263     3.171210     2.604358  1
   -0.596251     4.437784    -0.936302     5.393884    -1.794804     6.059437     0.635771     4.788484     0.590920     3.123884  1
   -0.634662     4.063237    -1.307346     2.854519    -0.708654     2.880739    -2.203938     3.602151    -2.845598     4.902965  1
    3.144209     3.127952     6.036751     0.571407     5.092327     1.634460     4.231697     2.293133     4.060840     3.658739  1
    3.061729     2.770115     3.243083     1.521815     3.646450     3.410346     3.918594     4.308952     1.557227     3.510717  1
    1.739230     4.512982     2.139181     3.944683     2.163315     2.614673     2.013712     2.610878     2.800914     1.773067  1
    3.551289     0.592785     4.500183     0.908606     2.693825     1.612443     3.934055     1.482887     3.763941    -0.075402  1
   -0.691167     2.684302     0.950388     2.583700     0.611897     2.779885     0.668784     2.573441     1.154533     2.175903  1
    3.054291     1.809224     2.108291     1.300057     0.253442     4.283759     0.934994     3.389238     2.670213     2.253466  1
    3.476832     2.092397     2.944066     1.111930     2.331441     2.162012     2.849192     2.898044     4.101982     2.739526  1
    2.085315     2.656473     1.272525     3.657838     5.607731     0.044980     3.327433     1.399170     1.816621     2.146047  1
    3.593156     2.470157     3.330346     2.934436     3.164315     2.558011     3.007265     3.093888     4.660908     3.660602  1
    1.854771     2.036094     1.533163     2.498553     1.432351     2.956355     0.968909     4.476087     2.178845     4.408004  1
    2.987577     1.532785     2.545801     3.418669     2.943572     2.419943     4.437601     1.647932     3.703835     2.286207  1
    0.063193     3.857939     1.339477     2.863352     2.842109     2.403800     0.665188     4.318054    -0.540009     3.831589  1
    3.730687     0.251175     3.813254    -0.191164     1.740599     0.719758     2.299760     1.745781     0.789401     2.558337  1
    3.405024     0.145946     1.524260     0.975746     3.015911     0.874120     1.813138     0.996314     2.888513    -1.146419  1
   -0.082697     5.246994    -0.820081     4.280766    -0.114978     4.919574     0.695686     4.778740     0.592772     4.046830  1
    2.922343     3.194194     3.343522     2.424008     3.959281     1.967503     2.240258     1.283057     1.276806     1.659450  1
    1.743315     3.145194     2.023847     3.045634    -0.255463     3.842298     0.325758     2.966455    -0.492203     3.597869  1
    2.030463     3.222685    -0.053928     2.999066     0.620224     2.784593    -0.489767     2.740755     0.103580     3.086736  1
    0.339792     2.773468     2.709969     1.789059     3.948666     1.264514     2.924828     1.797042     2.216278     2.070997  1
    3.116533     3.424214     1.191787     2.975952     1.508336     4.063867     0.830960     3.575809     0.847709     4.121964  1
    2.362396     2.382889     2.990871     1.626711     3.560691     1.681249     2.254793     3.546124     3.447092     2.549927  1
   -0.341252     2.582835    -0.374867     2.284422     0.941167     4.445754     1.799384     3.219063     1.249694     1.428791  1
    1.511018     1.989781     2.177869     2.275091     1.444595     1.336670     2.025868     0.821854     4.755758    -0.951753  1
    4.755867     1.777389     2.861265     2.199932     1.999511     2.716348     1.392090     3.111442     3.423698     3.438706  1
    2.797328     3.284749     3.295262     4.639601     2.581541     3.984735     1.935235     3.793518     2.008051     4.625705  1
   -0.236476     3.028050     1.803294     2.550640     1.457599     0.844067     2.129603     1.572165     1.324174     3.043797  1
    3.623902     1.139270     3.815080     1.738923     2.341204     0.563294     1.842609    -0.401290     3.040178     0.480967  1
    3.728488     0.958408     4.097383     0.334378     2.096935     0.598382     3.036904     0.114729     3.217383     0.058713  1
    1.481515     3.287742     2.041726     3.726805     1.006104     4.123835    -0.749834     4.393795     1.393960     3.408899  1
    2.290963     0.487627     1.816749     1.114169     0.399708     2.521192     2.621011     2.518816     2.305285     2.354915  1
    2.445528     5.167118     1.355457     6.614944     1.970446     5.238319     1.322842     4.042793     1.124093     2.914499  1
    2.739981     1.789119     3.353314    -0.025894     4.066906     1.364903     2.874334     1.415848     1.891940     3.249823  1
    6.010541    -0.183098     5.523824     1.898046     4.183457     2.611393     3.915917     2.492230     5.688467     2.401631  1
    0.909744     3.213129     1.223165     3.818574     0.692506     3.928382     1.392623     3.092849     1.760900     2.111626  1
    1.366036     2.455754     1.914351     3.293667     1.896721     4.849397     2.415868     3.121469     4.161988     1.779886  1
    4.783448     1.684752     3.874587     1.565342     5.576881     1.499532     4.545056     1.999082     5.000523     1.049699  1
    3.206140     0.494286     1.395799     1.050918     1.602537     2.803552     1.226398     3.503850     0.648209     2.245329  1
    2.201006     3.230457     1.150204     3.115076     2.451078     4.408931     1.116194     4.805904    -0.482062     5.172928  1
    2.424338    -0.669201     4.301104     0.947528     4.102602     2.130203     2.823259     1.560834     2.561035     2.126279  1
    2.053995     4.358082     2.621631     5.157681     2.930945     3.086935     2.262632     5.369079     2.424668     5.282418  1
    1.280662     3.185952     1.929208     2.690842     0.882172     1.346481     1.326985     0.001614     0.043193     2.116025  1
   -0.082827     0.981156     1.239984     0.072717     4.423534    -1.010698     3.322419    -1.239949     1.687263    -0.867227  1
    1.560185     5.595793    -0.007266     8.128805     0.143898     6.753957    -0.030389     7.347893     0.214116     6.697040  1
    1.988567     2.140123     1.730873     3.835549     3.071273     3.457915     2.420444     4.159292     2.239538     4.065007  1
    0.129634     3.642202     2.246659     2.598330     0.729922     2.591691     2.666966     1.623707     1.524808     2.865495  1
    3.714112     3.266074     4.311566     3.452273     5.384875     2.328504     2.356710     3.497297     3.462705     1.354969  1
    4.086947     2.763723     3.805900     3.031552     2.402931     3.492499     2.619672     3.333295     2.575657     4.504085  1
    3.809648     1.919509     4.688467     1.287272     3.717372     4.054918     2.306317     2.462606     2.593100     1.944436  1
   -0.946211     2.019486     0.996307     1.829263     1.058617     1.501399     0.923908     2.119712    -0.195597     2.487839  1
    0.117411     4.851911    -1.845500     5.399250    -1.074296     5.154161    -0.993785     4.765946     0.283157     4.264829  1
    1.564223     4.660724     1.308665     6.039286     2.003337     5.016761     2.275728     3.451091     2.269508     4.606292  1
    2.943766     1.127256     1.900137     1.990344     0.352854     2.255460     0.465079     1.863343     0.953822     1.809699  1
    4.074667     1.415587     2.641314     3.842593     2.732725     3.097692     1.156796     3.791386     4.832985     3.420376  1
    3.734986     2.709883     3.740696     3.386181     3.972562     2.696042     4.850144     1.878754     4.296973     1.161611  1
   -0.417922     3.660425    -0.036425     1.475674    -0.377590     2.890020    -0.069540     4.231165     1.106401     2.651796  1
    3.063674     0.466810     1.729851     3.764060     4.077994     0.674271     1.700442     2.002056     1.474850     2.385076  1
    1.621821     1.531948     2.353851     0.069174     1.912152    -0.009060     3.846811    -0.049465     1.265691     3.002861  1
    0.405618     3.658968     1.509802     2.979853     3.073934     2.314718     2.427266     2.714728     2.845889     0.969990  1
    3.986389    -0.525662     4.350515    -0.010857     4.132897    -0.873340     1.202936     0.259298     2.155182    -0.313778  1
    2.392048     0.130701     1.715362     1.313140     2.256001     0.134924     1.862569     1.319515     0.725077     1.227875  1
    0.867272     2.582246     0.416091     1.878420     1.615257     1.392642     3.428700     1.190975     1.081420     3.429462  1
   -0.193206     3.347285     0.724562     0.960853    -0.495841     3.018243    -1.219906     4.000360     1.506292     2.445785  1
    2.383519     2.441067     4.344695     1.659026     3.692306     1.198979     4.275227     0.341468     3.425854     1.112140  1
   -0.219641     6.311807    -0.230884     5.503274    -0.270720     4.383364    -0.343917     4.855277     0.903974     4.067515  1
    1.429254     2.437283     2.677482     2.841989    -0.245498     2.675066     2.150627     1.131589     3.167536     1.011439  1
    3.572379     4.273293     3.422557     3.556799     3.986517     4.706994     3.921331     4.772050     3.052917     4.473134  1
    3.239725     3.586495     1.961932     2.820271     0.388587     2.962189     0.229458     2.781387     2.253820     2.604696  1
    2.123272     4.671608     2.096164     5.058267     1.230198     6.637153     2.464713     4.501256     0.612966     4.473071  1
    1.396813     3.237323     1.545987     3.857527     2.718013     4.047976     1.661246     3.525075     1.447756     4.814627  1
    1.348153     3.891786     0.161167     3.413730     1.524890     2.021873     2.892387     1.106697     0.888622     2.323996  1
    3.712343     0.939099     3.832104     2.134836     1.948239     2.966062     0.300340     3.946520     2.153091     1.935541  1
    1.025754     3.285481     2.015211     3.230031     0.622951     4.866471     2.142068     4.910370     2.947429     3.711854  1
    0.669669     5.065092     2.531386     1.935195     1.341057     2.520121     0.409844     4.083158     2.573252     2.689400  1
    2.055567     4.898303     2.298557     5.318337     0.729155     6.100328     0.963932     5.308546     2.102529     4.452948  1
    0.407013     3.136532     2.595014     3.028827     1.509494     3.575949     0.158812     5.281158     0.688752     3.770381  1
   -1.233330     2.907719     0.564339     2.580298     1.029210     2.072071     0.971575     2.488448    -1.114683     2.015041  1
    0.906328     2.379694    -0.500891     0.947579     1.476231     2.307382     2.710174     2.866631     2.601492     3.480770  1
    3.165450     2.085964     2.312694     3.037592     1.897188     4.304685     4.017890     3.405375     3.448516     4.606847  1
    1.981392     1.304436     2.053843    -0.159378     1.263888     0.007543     2.308324     1.168592     0.289685     1.264667  1
    0.288288     2.450751     0.350151     3.939223     1.027415     3.290132     1.504589     2.270843     1.723586     1.850471  1
   -0.625253     5.041766     0.956982     3.831091     0.659078     3.679751     0.346400     4.027718     1.524816     3.347811  1
   -1.574856     4.571272    -2.937969     4.300583    -2.174324     3.446297    -3.083139     4.795306    -1.077888     3.731097  1
   -1.293436     3.639127     2.003437     2.294601    -1.324725     4.917735    -1.621384     4.948316    -0.449390     2.464692  1
    1.624112     3.928148     4.075141     4.686166     4.458491     3.434289     3.264925     4.966037     1.937868     4.502595  1
    0.103870     5.226778     1.692770     4.764075     0.055016     5.968294    -0.504244     4.438754     2.506109     1.265085  1
    1.557063     3.223747     2.078562     3.803138     2.205667     3.257391     1.479895     3.054108     1.072897     3.170378  1
    1.816394     2.888904     2.426987     2.626531     3.234699     1.901831     1.701995     1.778558     2.281929     1.940199  1
    4.246856     0.783991     3.169702     0.687005     3.424079    -0.043377     3.619758     0.542347     2.255306     0.875324  1
    0.738810     1.633173     0.301971     2.156608     0.193514     1.399582     2.239887     1.035918     4.804403    -0.254226  1
   -0.398586     2.469155     0.027277     3.340294     0.754020     3.867025     1.685932     3.157129     0.453320     3.617298  1
    3.445046     3.475797     3.748238     3.056070     3.928693     2.867457     2.512687     2.250502     2.282901     2.301400  1
    0.790940     3.151305     1.041943     3.370608     1.358520     2.958404     2.369524     3.438423     2.128770     4.035303  1
   -0.202723     6.042389     1.667547     4.997895    -0.200829     3.552049     1.591343     3.897303     3.078485     3.749669  1
    0.590254     2.533587     0.669392     4.439428    -0.028962     4.805584     2.856640     2.856442     1.582887     4.185707  1
    2.217883     3.026589     1.998846     1.833291    -0.074491     2.283243     0.472300     2.060412    -0.512985     3.338318  1
    1.869921     0.083808     1.439655     0.746644    -0.259164     2.891873     0.739011     1.893883     2.360739     0.536551  1
   -0.516620     1.861826    -0.193512     2.639228     0.459695     0.682205     1.661293     0.717047     1.802084     1.482300  1
    1.653847     2.486415     2.332014     2.282643     0.810653     4.252841    -1.481212     4.987813     0.874760     3.840777  1
    1.617149     1.236130     2.825368     0.478487     1.391522     1.173571     0.912259     1.931576     0.251520     2.791303  1
    1.714018     2.253701     3.385718     2.458716     2.141428     2.593538     1.944392     1.648887     1.323767     2.076765  1
   -0.065041     4.833464     2.267174     2.915041    -0.430340     4.881778     0.787866     3.071922     2.101608     4.844321  1
    0.795949     3.263067    -0.353447     1.708233     2.368086     1.342987     3.727130     1.048742     1.560940     3.196228  1
    3.963378     2.965809     2.923860     2.754636     4.147769     1.981929     4.710281     2.391235     3.597011     3.028177  1
    2.462733     2.835318     3.183528     2.878302     1.652844     2.961478     1.456777     3.736080     0.775492     4.136198  1
    0.758865     2.223987     1.413823     2.870186     1.826436     4.649379     1.205732     4.242961     1.944074     3.027560  1
    2.816008    -0.264005     1.709296     0.116506     2.519849    -0.927913     2.690231    -0.028524     1.555394     0.883089  1
    1.779290     2.261631     0.056573     4.888137     1.056545     2.296634     0.876968     2.137661     1.667589     1.273832  1
    1.188850     1.379210     2.548666     0.823244     0.924492     0.844248     2.224346     0.416780     1.440107     0.431123  1
    1.496693     2.701657     1.309582     2.696367     1.577104     1.654341     1.074683     2.773722     0.132448     3.111686  1
    0.743719     3.788063     0.921551     3.327576     2.010387     1.927689     1.369605     3.438311     2.768537     2.892560  1
    1.863598     5.760340     1.543703     5.080490     1.958984     3.974476     2.355083     5.320219     1.908192     4.659392  1
   -0.087219     3.485838     1.431581     3.365918     2.326281     3.517025     2.331678     2.917002     1.621722     2.940109  1
    1.146165     0.831967     2.931169     0.061373     1.453574     1.472310     1.668136     1.144294     2.170818     1.209608  1
    2.887946     1.472651     3.022740     0.812555     2.728482    -0.068790     3.484479     0.575676     3.743981    -0.772218  1
    2.955686     2.803952     2.950035     2.746794     1.972919     2.537374     1.809221     2.187206     1.797036     1.848976  1
    1.589261     3.397940     1.439802     3.527963     2.945583     2.186167     1.051455     3.110990     1.252119     2.632013  1
    1.353275     5.041302     2.236986     2.930058     1.118036     3.979287    -0.401525     4.828689     0.824747     2.687282  1
    5.433242     1.079178     4.132667     2.005406     3.854538     3.279772     2.788595     3.885480     4.108457     2.446257  1
    1.370175     4.045502     0.310110     4.225234     0.164198     5.042499     1.198007     2.774568     1.370684     1.718736  1
    2.766279     1.621389     2.036701     1.381258     3.092989     0.481540     2.696846     0.107306     2.947989     0.333325  1
    0.559709     6.516413     1.145087     5.208121     2.628440     3.758255     3.320096     3.440284     1.523144     2.539562  1
    0.798583     3.583965     0.517426     3.206747     0.867643     5.421367     2.891236     2.845192     1.822832     3.741305  1
    1.835093     0.190800     0.495160     0.545715     0.087640     2.849945    -0.709386     3.064303     1.157653     1.247031  1
    0.562684     2.700736     0.077432     3.714471    -0.555564     3.437293    -1.201280     2.618696     2.345090     2.424434  1
    0.282996     3.780529     0.249861     4.612607     0.802922     4.675441     1.064868     5.244069     3.117997     5.207644  1
    0.483788     1.623196     0.201128     2.929226     0.972360     3.529011     2.888307     2.396901     1.901107     1.975011  1
    1.126968     3.876955     2.822684     2.696466     1.890097     2.284188     1.045689     3.181397     0.309458     2.862479  1
   -0.746146     3.190654     0.921175     4.298267     1.109464     4.189819     1.136362     3.547413     0.815978     4.043734  1
    1.542819     2.403436     0.694227     3.955443    -0.291527     4.925893     0.590374     4.510743     3.219089     3.176030  1
   -0.672659     3.626522     0.364403     1.731964    -1.973832     3.217893    -0.418366     3.746678    -1.647250     4.360315  1
    0.945993     1.870930     1.093271     0.439735     0.887820     3.019504     0.966978     3.420494     1.116876     2.945586  1
    1.484062     2.656048     0.865395     2.757769     2.162770     2.708931     1.645716     2.070441     2.000060     2.867188  1
    1.960427     1.738696     1.935462     2.413627     3.547369     1.409403     1.771553     1.975546     2.419830     1.459379  1
    0.874010     4.079923     1.039204     4.380189     1.479641     4.794595     1.419111     3.573756     2.270770     2.523226  1
    2.732721     4.921443     2.790682     5.068623     2.429713     4.651843     4.299523     3.708451     2.684204     3.655832  1
    3.040952     2.084416     1.991515     3.452368     2.421977     3.179661     2.886272     1.385572     0.138767     4.492311  1
    1.690148     2.105570     1.124254     2.973267     2.789757     2.219775     1.466802     2.807459     0.838465     2.843401  1
    1.802063     5.909311    -0.106434     6.302376    -0.098288     5.084683    -0.610228     5.548158     1.456676     6.544496  1
    0.677804     5.483091    -0.030413     6.271449     2.434861     4.802094    -0.934432     6.830306     2.381186     4.023851  1
    2.125198     1.117965     1.291139     1.346417    -0.567988     2.950993     2.097542    -0.172632     1.623547     2.593422  1
   -0.142098     2.628688     1.774130     1.530621     0.495875     2.807122     1.806271     1.020443     0.083208     1.775586  1
    1.806391     2.347915     3.321453     3.473428     3.073034     3.368867     2.646897     3.383512     2.545613     2.827081  1
    1.325337     2.012092     1.681945     3.151818     2.095219     3.075266     3.752029     1.408632     3.878705     0.141838  1
    4.189434     2.087198     3.004686     2.061463     2.502357     3.652134     2.876422     4.483012     4.406166     3.035114  1
    1.456187     4.415509     1.378497     5.088951     0.127840     4.990074     0.360209     5.019815     0.980448     4.166353  1
    0.920057     2.227355     1.242257     2.183781     1.821766     0.539633     4.259023    -0.644391     3.665471    -1.178656  1
    2.279804     0.323332     1.081778     2.627983     2.092525     1.315067     1.996322     0.743476     2.103869     0.656533  1
    1.933531     5.048596     0.446219     6.092442     0.656932     5.987186     1.314281     6.255022     1.767624     6.391413  1
    1.225671     3.802919     0.873053     4.737047     1.649899     5.258977     1.676178     3.458394     1.802873     2.963225  1
    2.934548     3.156899     3.413749     4.222034     4.140605     3.760863     3.672767     3.262524     3.811646     3.706334  1
    1.650679     1.482254     2.701841     1.478910     3.055131     1.181906     2.809728     1.889485     3.724768     0.264168  1
    1.074643     3.497154     1.558765     2.280494     0.496470     2.489468     1.379927     1.509160     1.006052     1.177231  1
    2.952721     3.430205     3.239307     2.188966     2.239756     1.958213     1.930455     1.390905     0.392908     4.023910  1
    0.626498     2.848206     1.816012     3.022062     1.877072     2.791560     2.124452     2.769301     2.747764     3.612462  1
    2.548290     2.710666     1.816535     3.692436     2.070241     2.851708     0.927563     3.636453     1.455418     3.271689  1
    2.527122     2.127592    -0.134141     3.568461    -0.636827     2.940316    -0.874915     3.788041     1.542864     3.270086  1
    2.523000     2.454983     4.094675     2.635247     2.269847     3.324386     2.221522     2.589215     1.552386     3.477975  1
    1.591638     1.951408     0.901430     3.654607     2.179505     3.278884     2.931147     3.691189     2.058911     3.450040  1
    3.110110     2.707387     4.371139     1.941253     2.289351     4.062659     1.679161     4.622654     0.956618     4.147620  1
    1.230402     4.042738     0.909347     2.710573     0.997214     2.321707     2.271764     1.879715     1.755658     1.929052  1
    2.741976     4.230685     3.117201     3.239311     2.908924     2.004241     3.527341     2.594212     4.567578     3.407420  1
    2.316636     1.460196     0.403891     2.963199     1.561502     2.082546     0.239702     4.132992     1.377953     3.895974  1
    2.112233     2.341675     0.828351     2.144358     0.856670     2.855951     1.318828     2.501914    -0.732850     4.411004  1
   -0.703461     2.243620    -0.225596     3.606639     1.681665     1.363816     1.792175     1.357962     0.730855     3.067639  1
    3.347208    -0.952068     4.065174    -0.545740     3.546272    -1.104295     3.164348    -0.012670     4.616594    -0.766389  1
    2.732473     2.429636     2.001087     3.059317     1.476456     3.817235     1.174020     3.389731     1.926170     2.163965  1
   -0.360405     3.508265     0.395671     3.277652     1.053910     1.945370     1.149234     3.063131     3.513556     1.791406  1
    1.138047     3.200972     0.851345     4.186427     0.917504     5.441637     1.847565     4.243347     3.253253     2.972030  1
   -0.459301     3.508642     0.509353     3.327408     1.825409     1.852859     2.072678     0.510988     2.422176     0.461934  1
   -0.811204     4.505693     1.219648     3.480234     0.751157     1.985741     1.806948     0.525614     1.439980     1.643292  1
    1.612131     1.782882     1.397728     3.650653     2.088393     2.395325     3.072197     0.979806     1.641194     2.418980  1
    4.468130     2.833425     3.489169     4.340771     4.222682     4.055550     2.887374     2.938719     4.436916     2.024078  1
    2.134728     1.122011    -0.008422     2.977455     0.132880     3.785975     0.389484     5.168410    -0.973999     4.566571  1
    1.518075     3.028466     1.317363     3.705972     1.305333     3.937722    -0.159535     4.564189     0.903422     3.631807  1
    0.684507     3.214990     0.717032     4.270100    -0.778277     4.797143     0.894982     4.101671     1.593715     4.460157  1
   -0.452679     6.051425     1.852538     2.990939     2.181828     2.655645     1.130900     3.274807     1.891386     2.177890  1
    3.106096     0.802836     4.081483     0.387362     4.675196     0.089777     3.965904     0.705272     4.128441     1.156795  1
    0.974115     2.393423     0.283351     3.028187     1.015100     3.518030     2.113629     3.061401     1.559993     3.239020  1
    5.095514     1.232891     3.467018     2.704754     2.813026     2.320062     3.263835     0.797811     2.689616     1.991673  1
   -2.171599     3.050113    -3.146883     3.887827    -2.036927     3.942359    -2.444016     4.661368    -0.912682     2.922397  1
    1.331163     2.097863     1.568709     3.134635     2.802679     3.750437     0.952145     5.088489     0.909419     3.818771  1
    1.640736     2.241110     1.372174     2.109405     2.188738     2.125972     1.720895     2.264628     2.061999     2.430886  1
    0.478751     3.095634     0.450196     3.387044     0.915029     5.176757     0.287048     4.920133    -0.285177     5.455598  1
    4.118058     2.598943     3.206891     3.823003     2.673451     4.144142     2.475989     3.653026     5.064338     3.102888  1
    1.046243     2.084630     0.517720     3.218837     1.839472     1.722480     3.060094     1.955542     1.226754     2.136239  1
    0.682721     4.907170     1.484681     3.460099     1.422259     4.446502     1.492894     3.409286     2.391578     3.091558  1
    4.582168     1.146373     5.279968     0.247022     3.957533     0.603739     1.692093     0.516679     2.483041     1.280805  1
    1.036315     3.072193     4.311072     2.470061     1.220285     4.571841     2.874174     4.823417     3.433047     4.244568  1
   -0.421158     5.318267     1.144887     2.797990     0.214631     3.344937     0.060978     5.484867     2.201798     3.947264  1
    1.111337     3.555994     0.417972     3.390149    -0.226912     4.895529    -0.526321     4.866831    -0.396177     4.557321  1
    2.032311     4.084097     2.458622     2.748939     3.831797     1.106086     4.182636     2.396347     3.594366     2.445089  1
    1.774567     3.260562     0.789495     2.771157     3.622299     1.355006     2.907223     1.331684    -0.098436     2.671985  1
    1.114652     3.349988     2.278634     2.881755     1.088838     3.234058     2.284325     1.746139     3.993206     2.362726  1
    3.457057     1.308822     3.482516     2.103628     2.924063     3.096683     3.054906     3.404662     4.046915     3.080505  1
    1.175785     3.943735     0.948989     3.813712     2.080701     4.505272     1.196355     4.252062     1.176561     4.034773  1
    3.087604     1.817167     4.736975     0.787113     1.935111     2.188416     2.144768     2.823813     1.957702     2.441633  1
    1.827434     3.497988     1.279431     5.331650     2.388073     4.554263     2.246563     5.245905     2.539427     5.422770  1
    3.144955     2.859706     2.946029     3.357201     2.632381     4.308443     2.328654     3.863924     2.423824     3.955017  1
    1.452905     2.044814    -0.397328     2.925983     0.029964     3.017869     1.838695     1.663332     2.241157     1.631241  1
    1.801852     2.681239     4.691076     1.499674     4.232142     1.313126     2.631317     2.840332     3.309951     2.723508  1
    1.480397     4.127288     1.512095     3.136831     1.070246     3.889038     3.515563     1.018878     4.602932    -0.574510  1
    0.771973     3.051810    -0.163794     3.634028     1.394158     2.388412     2.384131     1.410547     2.013344     3.484552  1
    2.579280     4.810026     1.422060     4.766825     2.462463     2.915104     1.906224     1.894340     3.607295     1.260319  1
    0.515910     5.163307     0.994534     3.140021     1.947522     3.774356     2.739817     3.129322     0.894788     5.941755  1
    1.749447     2.605244     1.068385     3.566127     2.689314     3.081821     3.387396     3.917673     2.278195     4.842368  1
    2.874153     2.778598     2.083457     3.314841     1.490084     2.988821     0.148065     3.688797     3.235124     1.381727  1
    3.052968     2.361008     3.179903     2.463955     0.871458     3.035064     1.864374     3.525257     3.840040     2.071019  1
    2.076045     2.391081     0.755659     2.650937     1.465160     4.230436     0.050925     5.085471     2.498842     3.686646  1
    0.328611     3.949707     0.602265     5.412894    -0.419330     4.819973    -0.662847     4.635366    -1.004355     5.667675  1
    0.206424     2.201495     0.415615     1.638247     1.341349     2.082862     2.102239    -0.602597     0.768353     2.047761  1
    0.676064     2.761666    -0.209462     4.682459    -0.843545     5.259837    -1.389927     5.077517    -0.120550     4.752946  1
    3.002303     2.527969     2.436624     2.075502     2.778819     3.646385     3.114053     3.083817     3.868107     2.833923  1
    3.385476     1.565131     5.366681    -0.346917     2.806005     0.659286     3.287349     2.464019     5.896909     1.539581  1
    4.238468     2.905032     2.830515     2.960269     4.114353     3.276624     2.496467     3.603236     2.349575     4.880725  1
    2.580207     3.485353     2.308842     2.289027     2.811018     1.897553     1.871236     2.284421     2.982053     2.939721  1
    2.967863     0.854702     2.461730     0.904700     2.351599     0.998920     1.642396     1.320760     0.500700     1.856757  1
    2.130305     3.129482     2.151481     2.952141     4.807455     1.416339     3.662793     1.097075     2.605868     0.847533  1
    4.102560     4.634735     3.671222     3.101795     4.245414     2.880329     3.147377     3.340877     2.887704     3.147973  1
    1.908919     1.485755     0.431587     3.953624     1.429905     2.534879     2.389689     4.070453     2.834694     3.213836  1
    1.094868     2.332791     2.511713     2.429637     1.141356     2.341919     0.562461     2.238869     2.594970     2.463423  1
   -0.051033     0.647810    -0.470656     1.509573    -0.517274     2.416724    -0.732860     0.961964     0.729580    -1.110028  1
    2.879633     3.645327     2.430246     3.634951    -0.212271     4.842892     1.177694     4.357238     2.718018     3.450956  1
    0.915976     2.937766     1.415524     3.552131     0.782067     5.720450     1.675198     5.221620     2.239841     5.655809  1
    2.545644     1.015920     1.873181    -0.496389     1.442103     1.072462     2.254522     0.965457     0.544161     1.087355  1
    0.695515     2.867298     0.391428     2.478129     1.039887     2.224518     2.675562     1.470581     2.463723     3.556280  1
    0.262094     4.934634     2.369990     2.224551     0.287298     5.438085     1.342788     4.652734     1.241477     4.939799  2
    3.642770    -1.006928     3.073492     0.322223     3.218722    -0.333505     2.868440    -2.239712     1.335195    -1.351626  2
    2.414464     1.835794     4.191120     2.742798     3.480068     3.616132     1.807494     4.747376     1.270903     3.734322  2
   -0.695401     4.445873     0.952025     3.501730     1.841131     3.135973     0.250049     4.187212     0.873791     3.281514  2
   -0.072682     4.991309    -0.368323     6.875901     0.201533     5.404245     2.485365     3.828301     0.786068     6.069629  2
   -1.503168     4.100320    -0.756715     4.148757    -0.867641     3.869909     0.913650     4.927501    -0.253470     5.006577  2
    0.500010     2.407447     1.196611     2.335835     1.065796     1.785368    -1.670241     3.334355    -1.558194     2.578000  2
    1.549658     3.022209     2.511254     3.496154     2.255051     1.162969     1.027546     1.996020     3.100248     2.071604  2
    2.073156     0.697408     3.325056     2.272418     2.031816     3.120179     1.135448     4.510263     1.839141     3.255306  2
    0.827867     0.328606     0.641910     0.785846     2.493896    -0.108626     2.186089    -2.347775     2.218120    -2.002329  2
    1.198705     2.924731     1.058010     2.508845     0.284870     2.668819     0.715590     2.491306    -0.423427     2.619247  2
    0.351229     1.781294     1.878392     0.999589     1.251878     2.161877     2.271076     1.940711     3.909532     1.233525  2
   -0.129121     3.719409     0.339151     3.882954     0.190979     4.313962     1.268804     4.903465     2.759933     3.289759  2
   -0.519088     3.860526     1.213169     2.402363     1.166102     2.541557     0.356958     3.389533     1.605645     2.800055  2
    2.408778     2.119472     1.756767     1.619915    -0.441572     2.983010     1.225038     2.970465    -0.533537     4.124405  2
   -0.185342     2.672016     1.302452     1.268159     0.450336     1.436892     0.497403     2.544622     1.315597     2.663485  2
   -0.026318     3.796153     1.474545     3.797404     0.645560     5.428531     0.932140     4.583234    -0.281249     5.599580  2
    1.115439     3.092622     1.591314     4.318999     2.559452     4.759204     2.545946     4.609288     1.621882     5.088921  2
   -0.778628     4.696385    -1.369760     4.445313    -1.504695     4.371172    -0.934423     4.122037    -1.014769     4.579167  2
    1.660043     0.410755     0.631916     0.653964    -0.800694     0.643403    -2.474630     1.716459     0.035333     1.317726  2
    1.995305     3.112335     1.988617     5.039853     2.703261     4.975799     1.820037     5.257073     4.660050     1.982053  2
   -0.404860     4.206307    -0.573523     4.823876    -0.187140     3.421553     1.998240     2.776365     2.395494     2.903034  2
    2.326380     1.609233     2.312673     1.849387     0.693255     3.891727     0.502932     2.769206     0.732237     3.859549  2
    0.179183     4.166429     1.744870     3.294219     0.714136     4.017764     1.911173     2.725667     1.190953     2.234743  2
    3.137041     1.147075     1.116000     0.450547     2.894640     0.300502     0.799072     0.750441     1.415287     1.153177  2
   -0.109866     4.752207    -0.983541     5.473800     0.275066     3.980081    -0.518224     4.106483    -1.507392     5.369977  2
    0.422723     2.389270    -0.371806     1.759365     0.528463     2.757240     1.233626     3.463325     1.966187     5.172645  2
    0.842352     5.030261     2.704791     3.621798     2.229787     4.382592     2.309870     4.002373     1.951417     2.797308  2
    2.298838     2.302594     3.455558     2.190934     1.770365     4.788100     2.292727     2.619882     2.372427     4.186817  2
   -0.000323     2.511352    -0.290135     2.816337     0.113534     2.735559     0.185948     2.704312     1.190682     1.596770  2
    1.208264     3.483870     0.668438     2.910442     0.208738     3.692276     1.717140     3.607248     0.667746     4.941273  2
   -0.044628     5.302235    -1.061306     4.529463    -0.491908     2.945533     0.120484     2.106655     1.925505     2.693846  2
    3.001665     3.271663     1.220018     5.911227     1.532211     4.893973     3.156137     3.548087     1.612589     3.168658  2
    2.404664     2.107915     0.596629     2.687599    -1.556555     2.815020    -0.211586     2.267292     1.549652     3.782548  2
   -0.482428     2.915837     1.130956     2.927296     2.709954     2.834371     2.901933     0.695347     3.547882     0.962448  2
    2.181947     1.771050     0.896265     3.596791     0.775621     2.947208    -0.133011     2.389396     0.353844     1.085775  2
   -0.201842     3.427816     1.205825     3.667176     1.230525     3.629594     0.030200     3.657283     0.165705     3.095366  2
   -1.152855     5.619464    -1.688535     6.108417    -1.353456     5.860396     0.258488     4.138559     1.913511     2.435253  2
   -0.223351     3.229883     1.496044     2.129296    -0.167085     3.503752    -0.589176     4.456890     0.455750     3.758032  2
    1.932038     2.847932     1.824156     4.065682     1.778359     3.098252     1.800372     3.494251     1.377853     1.891730  2
   -0.584092     2.790702    -0.158170     2.175867     0.749932     1.600683     0.600743     2.810923     1.949043     1.333135  2
    1.675935     2.128610     1.878357     1.622977     1.818054     1.239159     2.868335     2.221085     3.225631     2.014608  2
   -1.347680     3.872274    -1.509341     2.621596    -0.579671     2.785371    -1.442920     3.874915    -0.754152     4.172971  2
    1.570358     3.167167     2.724367     2.594484     0.472719     4.517879     0.529054     5.164455     0.666038     5.550908  2
    1.065355     2.494000     0.902571     3.163793     2.437934     2.904291     3.806674     2.860829     2.629958     1.914003  2
    0.243153     3.977825     0.471066     2.745243     2.197631     2.080240    -0.409858     4.200169    -1.690575     4.794635  2
    2.304979     0.893259     2.175097     0.516923     0.898216     1.752932     0.652510     1.766942     1.168443     1.189049  2
    0.120378     2.456806     1.630679     1.074148     2.670978     1.098294     2.238496     0.835857     2.586122     0.413576  2
    0.258109     1.459866     0.646356     1.987005     0.040711     1.962669     1.216205     1.408805     2.513774     0.975420  2
    1.986854     0.650862     2.769704     0.714458     3.554283     0.246621     4.551540     0.656081     3.884175     0.343882  2
    1.894672     2.009589     1.834087     3.093795     0.529605     2.683926     0.462798     2.804407     0.548252     3.604837  2
    2.677237     3.531918     3.483890     3.008268     1.963378     3.994258     1.439443     3.991449    -0.422296     3.948719  2
   -1.848790     4.267331    -2.692382     5.544705    -1.263804     3.678129    -0.006174     2.117088    -0.811853     4.355370  2
    2.031868     2.709109     1.242578     3.898715     1.560111     4.589850     0.302252     5.874296     1.415614     5.229234  2
    1.133258     0.753489     0.190804     1.663810    -0.071917     0.827373     1.515437    -0.772134     1.343691     0.194193  2
    2.019198     3.579368     3.222758     2.157635     4.129393     1.169642     2.892147     1.973794     1.998197     3.102642  2
   -2.295958     2.658599    -1.390928     1.850882    -2.612811     3.217166    -2.162779     3.867988    -1.117781     3.437057  2
    2.996903     2.946154     0.604009     2.099547     1.997237     0.915321     0.590336     1.880295     2.561138     2.377529  2
    2.030378     2.211431     1.347793     3.450478     2.843426     2.991749     1.361933     2.443103     1.734339     3.368384  2
    0.128401     1.795433    -0.044699     1.765600     0.482060     2.369375    -0.994334     2.763898    -2.839993     2.397955  2
    1.000343     0.731667     1.773435     0.286179     1.752882    -0.442991     3.246596    -0.653897     1.430273     1.962036  2
    2.851721     1.288179     2.604392     2.266605     2.220418     2.664854     3.720505     2.533083     0.534938     3.361752  2
   -0.668311     2.364519    -0.909817     2.737558    -1.226850     3.444943    -0.387174     3.691289     0.666127     2.508682  2
   -1.628329     6.393311    -1.734787     5.172217    -0.069930     4.508080    -0.399597     3.745987    -0.403056     4.028956  2
    1.295138     1.647567     1.425785     1.334989     1.415572     2.148945     0.751054     2.541356     0.838105     2.922593  2
    0.771168     4.729348     0.989384     3.162061    -0.388826     3.794952     0.309790     3.328480    -0.180920     1.747877  2
   -0.365092     4.808205     0.104684     4.684572    -1.102583     5.537415    -2.068317     5.052142     0.121665     5.322941  2
    4.425613    -0.880168     3.815754    -1.484508     2.356813    -0.190767     2.807518    -1.116907     2.706780    -0.264233  2
   -0.100045     3.658083    -1.404639     2.256173    -0.885623     3.568962    -1.086425     4.244513    -0.690968     5.008008  2
    0.258435     4.348335     1.851553     2.330521     0.551795     1.562231     2.069344     1.850694     3.267300     3.819187  2
    1.543155     3.783877     0.114411     3.669647    -1.166525     5.047602    -0.115189     3.281581     1.186098     3.852673  2
    1.158173     2.940985     3.735013     0.835514     2.511207     1.679557     1.129938     1.437505     4.107099     0.385489  2
   -2.499924     5.180412    -1.603893     6.864282    -0.677420     5.647855     0.041736     4.887698    -0.901427     5.396907  2
   -0.018131     3.818144     0.528322     1.993050     2.403113     1.187469     1.606966     2.332712     1.411159     2.990131  2
    2.078521     0.686342     0.490915     0.462463     1.354489     1.276598     3.428271     0.146822     2.485623     2.832461  2
    1.361569     0.727893     0.031644     1.276830     0.460630     2.770244     2.171293     1.868125     2.159908     1.583403  2
    0.356849     2.274797    -0.226160     2.268787     0.016771     0.964110     0.928570     1.743231     0.709094     2.661434  2
   -1.136101     3.091116    -1.542675     2.925188     0.583374     1.438006     0.961357     1.011864    -0.653466     2.039813  2
    1.040164     2.545011     1.214626     3.027695     0.499231     3.931737     1.188013     3.229421     0.707778     3.072952  2
    0.387584     3.376084     0.681540     3.601028    -0.223991     4.078357     0.178801     6.065146    -0.451291     4.401218  2
    4.031162     1.596559     3.874769     2.776440     5.616195     0.956168     5.040397     1.775288     5.054156     1.698605  2
   -0.568275     3.462219     0.822383     0.094681     1.207309    -0.897365     0.395461     0.527365     0.813848     0.911648  2
    0.136268     3.379536    -0.880813     3.194603     0.696394     2.971544     1.063685     2.594132     1.544609     3.056974  2
    0.884799     3.691163     3.241345     2.159750     2.640855     3.743313     2.705335     4.552659     1.053458     3.718707  2
    2.393157     4.063426     3.437400     3.098331     4.751418     2.221100     3.130427     4.029059     2.607713     3.709232  2
    1.117058     4.754988     0.744868     4.774569     1.403863     3.218068     0.218570     4.202992     0.812770     5.035023  2
   -1.597050     4.870831    -0.010796     4.697210     2.428547     5.644889     1.062648     5.674997     1.839241     5.225745  2
    2.632620     2.672420     1.768520     2.369096     2.263794     2.821043     1.612416     3.649065     1.829924     2.786454  2
   -1.080668     5.661657     0.103229     3.658156     0.530245     3.213390     1.168415     3.815958     0.326635     5.550961  2
   -0.687936     3.558411     0.400868     2.482827    -0.757065     2.607109     0.874545     2.076340     0.742280     2.335229  2
    3.501444     3.518673     4.167413     3.236987     4.104031     2.451859     3.787999     2.483409     3.110544     1.248839  2
    0.842888     4.747882     0.052371     6.800300     0.915406     5.085306     0.474017     6.252776     0.056163     6.631300  2
    0.486705     3.395767    -0.782967     4.618576     0.535862     3.870323     0.616049     3.962851    -0.896647     3.675563  2
    1.597568     3.167561     2.586473     5.083713     2.720679     2.757480     4.265438     0.860493     4.942300     1.579950  2
    0.328049     4.137535     1.671770     2.744599     0.724819     3.316176     1.247818     4.225554     2.344694     3.438966  2
    0.984705     0.607492    -0.292397     2.163886    -0.671240     1.269589    -0.222631     0.677866     0.396363     1.299988  2
    2.522053     0.640074     1.172221     0.905832    -1.231677     2.582300     1.787030    -0.762680     1.367878    -0.596622  2
   -0.131065     2.934403     0.685548     3.464903    -0.761551     1.919925    -0.084426     1.820781     0.245194     1.914258  2
    1.975830     1.782538     0.863780     3.926230     1.219568     4.156372     0.522224     4.331163    -0.955422     4.834702  2
    1.098785     3.146328     0.640258     3.841974     0.542072     3.265701    -0.171725     3.375363     0.617793     1.344308  2
    1.055997     3.089591     0.667940     2.420980     1.163453     2.225464     0.027171     2.957530     2.735633     2.112278  2
    3.041000     1.414818     3.869565     0.021136     2.977483     1.713166     1.921481     1.507764     2.349143     3.172335  2
    3.046720     0.789848     3.100724     1.568172     2.650430     0.899320     2.237233     1.192076     2.131265     1.623904  2
    2.290741     2.798100     2.964009     3.705133     2.784256     3.222117     2.108967     2.969267     1.503365     3.747548  2
    2.970535     3.211986     2.160921     4.726250     1.535262     5.753448     2.464189     4.610956     1.149322     3.880754  2
    1.796858     5.076684     1.910389     5.161556     3.264462     3.764784     1.899660     4.294879     1.296138     4.371490  2
    0.219924     3.285961     0.656598     2.826288     0.736210     3.141708    -0.799985     3.926454     0.747480     3.812605  2
    4.506463     1.546782     2.858101     2.878212     1.366652     2.817058     1.326280     1.108318     1.352325     0.739032  2
    1.836743     1.823918     1.613130     2.793458     3.501994     1.350519     1.165502     0.753134     1.327669     0.853594  2
    1.314383     3.497092     1.488323     2.250330     1.569971     1.608064     0.173128     2.843879     0.828658     1.859051  2
    2.461697     0.935646     0.327214     2.667748     0.134696     3.271687     0.104836     3.086716    -1.080200     4.733731  2
    0.729791     5.430073     0.703603     5.029337     2.133408     6.444894     1.643090     6.489337     0.812620     6.772081  2
   -1.166170     2.830047    -1.629041     4.682679    -1.485013     4.399024    -1.653079     3.543151    -0.895694     3.383693  2
    1.110383     3.245135     2.538013     3.000792     0.591105     2.211342     0.601001     0.663649     1.256400     2.233252  2
    0.281321     1.809232     1.206859     1.712485     1.063005     2.850537     1.535027     0.769710     1.697062     0.178326  2
   -0.105346     3.205818     3.180119     1.324526     2.020607     1.119166     1.940826     1.324499     1.397063     1.376768  2
    2.117568     1.836763     0.821098     2.821523    -0.157091     2.557229     1.023782     1.190161     2.116669     2.079725  2
    0.895073     3.217268     2.420304     3.071805     1.281739     2.535658     2.058284     3.812180     1.940583     1.664435  2
    0.794708     2.037038    -0.149321     4.828786     0.566475     3.212268     1.949385     3.780808     2.330958     2.057962  2
    1.241031     2.856289     0.153577     2.295226     0.551289     1.269814     1.856351     1.083110     0.557652     1.808439  2
   -0.624897     1.886927    -1.218078     2.671613     0.802716     1.457636     1.170392     1.276390    -0.234617     3.207746  2
    4.062464     4.159672     3.483569     5.464670     4.296894     4.652433     2.768329     4.925058     4.043758     4.088129  2
    0.400625     1.868112    -1.996412     1.769829    -0.466207     1.937091    -1.009487     1.648632    -0.777966     3.099082  2
   -0.790861     5.266465    -0.359604     5.275290     0.334140     4.527393    -0.655515     4.370099    -0.137856     4.805833  2
   -1.633598     2.466168    -1.062482     2.271350    -0.273009     1.515156    -0.401506     1.319398    -0.880247     3.328702  2
    2.355158     1.225765     2.591905     1.067417     2.094295     0.595685     2.342492     1.115584     0.663414     2.256512  2
    1.558959     5.490276     2.974479     4.772459     1.479945     4.473620     1.683792     3.779776     3.341825     3.663182  2
    3.144952     2.398698     2.711715     2.634782     2.781105     3.473158     3.178939     2.490963     1.626156     3.791491  2
    2.855157     1.022778     3.185638     0.797806     0.793859     1.911529     1.534286     1.915173     3.026033     0.444477  2
    1.640752    -0.054560     2.771562     0.395845     0.722000     1.022355     0.450132    -0.098182     0.345623    -0.851521  2
    2.225567     2.356147     1.586751     0.663991     1.734829     1.400940     2.085852     2.459139     1.014594     2.805554  2
    3.317347    -2.992463     2.192064    -0.959677     3.919404    -0.526792     4.752412    -0.558596     7.092898    -1.420170  2
    2.362771     1.624000     2.865097     1.093090     2.249697     1.923943     1.379395     3.192969     0.922046     3.546395  2
    0.514380     2.391835     2.464272     1.193224     1.448303     2.691683     0.271719     4.042658    -0.553775     3.587813  2
    1.547274     1.108614     0.797994     2.283092     1.679644     1.673072     1.968197     0.002803     1.564828     1.175848  2
    2.002098     2.141645     0.987878     1.353178     0.487667     2.718986     4.108507     1.502550     1.244708     3.674341  2
    0.944607     1.906262     0.565901    -0.111354     0.547347     1.131995     0.387603     1.259695     0.403103     2.208097  2
    1.767018     1.374290     2.092443    -0.005345     2.432699     1.114645    -0.078864     2.085057    -0.703169     1.537719  2
   -0.034088     4.279653    -0.861978     4.931077    -0.015168     5.352066    -0.165299     5.857250     0.531871     6.052898  2
   -0.901802     3.221222     0.537620     2.041869    -0.417293     2.956513    -0.546934     2.666071    -0.057133     3.161903  2
   -0.516952     2.019910    -0.735967     3.150854     0.196370     2.105282     0.607982     1.878385     2.161795    -0.559924  2
   -0.347689     2.745649     1.372955     4.409723     1.315767     3.395210     0.771314     3.570582     1.281874     3.963644  2
    2.836275     4.543845     2.552516     4.759370     3.358227     5.820439     5.192537     5.027621     4.297953     5.776274  2
   -0.313385     1.432104    -2.433106     2.409574    -2.479667     3.240602    -0.575308     2.381495     1.268520     1.459910  2
   -0.373170     4.864788     0.575457     4.284391     0.880138     4.569677     0.885798     4.978367     0.850371     5.128843  2
    2.453430     4.455603     2.636928     4.471625     0.406629     4.687798     0.814527     3.303185     2.141038     1.840419  2
    2.694078     2.515456     0.412742     3.708643     1.162627     4.445418     2.555044     4.530734     1.792650     5.931096  2
   -0.440525     4.096109    -0.448351     5.204792     0.728989     3.443437    -2.226932     5.410822    -1.474673     3.837307  2
   -3.129583     4.335939    -1.378608     3.504694    -0.000496     2.641219    -0.879399     3.705366     0.347863     1.901948  2
    2.782330     1.178847     1.930214     1.189794     2.428201     2.408061     2.182432     2.828476     0.874560     2.904355  2
    1.304965     2.916802     2.370173     2.437059     3.083153     1.769282     3.336435     1.460020     3.835320     1.767203  2
    0.299329     2.879770     0.193200     3.674919    -0.136960     4.730929    -0.592874     4.437332    -1.374098     4.553057  2
    0.822222     0.910133    -0.104566     1.945447     0.266548     1.550372     0.390618     2.058968     1.771599     0.701314  2
   -0.530902     1.413210     0.792734     1.599412    -0.266414    -0.174918     0.236043     0.006590     2.805639     0.897132  2
    0.876379     1.309192     2.010082     1.726303     1.207284     2.439801     2.364174     0.873414     3.312548     0.840649  2
    2.375124     2.080172     0.040924     2.275702     3.591625     0.482700     0.652321     1.112681     1.663793     1.283900  2
   -0.162314     2.050205    -0.245285     2.090612     1.350718     2.098818    -0.918494     2.195005     1.544372     0.779778  2
    0.822976     5.801332     0.333539     7.097621     3.596218     7.532481     1.097019    10.103965     2.700963     7.589445  2
   -0.455680     4.187282     0.661362     3.577443     1.102187     2.868950     1.635815     3.203411     0.523349     3.681741  2
   -2.137726     3.441520    -0.187125     2.654729     0.789626     1.831160     1.531050     2.333444     0.531087     2.799069  2
    2.952273     1.854351     2.014975     2.755555     0.247201     3.049367    -1.173980     3.228999     1.543737     1.860783  2
    1.744755     3.054912     1.477605     2.165020    -0.300834     3.488776     0.496602     2.082353     0.962431     1.073701  2
   -0.896956     4.962104    -0.239545     3.829135     1.109970     2.622469     2.193379     3.036379     0.344396     4.784601  2
    1.328398     2.593324     0.379329     2.428555     0.704317     3.901245     1.892673     2.261127    -0.447991     3.330383  2
    2.857788     0.807538     3.179758     0.458071     0.992613     0.384078     1.901072    -0.935077     1.581410    -0.559797  2
    0.496167     5.099285     0.469138     5.038016     1.568042     4.884470     1.050507     4.950494     3.365358     2.528939  2
   -0.027678     3.197672     0.898550     3.829196     1.380708     4.134289     1.630911     2.704420     1.832714     2.624552  2
   -0.273519     4.561865    -0.157343     4.873363     0.623297     2.485327    -0.657582     4.302176     0.198657     5.153804  2
   -0.240288     6.494683     0.512931     4.679055    -0.551014     5.919115    -0.157252     5.499993    -0.043232     4.390002  2
    1.845907     1.000264     1.677581     1.001819    -0.285344     1.594345     0.064498     0.993032     1.370885     1.576971  2
    1.292185     1.233856     1.297824     1.965955    -1.069119     3.411201     1.498084     0.648797     0.856844     2.732429  2
    0.504130     4.513856    -0.696184     6.106772     0.366788     3.649704     0.047500     2.995806     0.551204     3.755834  2
   -0.021508     2.748641     1.930530     4.068923     1.684187     2.974285     0.785895     2.843611     0.489725     2.305087  2
   -0.927311     5.966360    -0.070258     5.700755    -0.618061     4.943442    -0.525390     4.773467     1.352306     3.164909  2
    3.377458     1.747363     2.934801     0.874492     4.013918     0.886703     5.352526    -0.242326     4.226719     1.837884  2
    1.432946     1.770313     0.665998     1.882758     0.992456     1.625934     2.150644    -0.521136     0.982366    -0.130254  2
    0.511529     3.494796    -1.012579     4.660073     2.552524     3.748165     1.774105     3.325476     1.757466     2.229809  2
    0.295957     1.010073     1.608455     1.705654    -1.020167     1.646389    -0.779829     2.220177    -1.138459     3.037616  2
    0.257193     4.501087     1.330110     4.516200     2.160834     2.874732     2.845493     2.564888     3.131536     2.068764  2
   -0.497453     4.573030     1.097684     4.962258     0.429565     5.938518     1.633806     4.746209     0.522081     4.499344  2
    3.447575     1.091567     1.785209     3.735531     2.855913     3.504159     2.841091     5.194138     2.460537     3.960096  2
   -0.318065     2.999762    -0.746956     4.218788     0.915281     2.325116     0.168785     5.507922     1.227065     4.187088  2
   -1.635612     2.632616    -0.271246     1.957103    -0.502845     2.571615     0.859468     1.144852     0.058343     1.127559  2
    1.225745     5.210189     1.235709     4.308901     0.418520     5.707779    -0.182090     6.139864     2.375531     3.362263  2
    0.903257     3.050413     1.951209     1.820941    -0.648779     4.514990     1.155901     3.505807     1.287507     4.880697  2
   -0.971830     4.178528    -0.212941     4.030679     0.331542     3.410684    -0.935752     4.327550    -0.573798     3.249855  2
    3.490956    -0.884988     5.329215    -2.676070     3.153798    -1.111099     3.449023    -2.034926     2.384042    -1.342256  2
    0.343125     4.136064     1.362830     2.641046     1.184615     1.663764    -0.548380     3.191069     0.931406     3.256050  2
   -0.423839     3.221177    -1.546975     4.740312     0.340518     3.408808    -0.377291     2.878956     0.038594     1.708755  2
   -0.798170     2.153329    -2.815154     3.063003    -2.966749     3.855300    -1.449103     2.300195    -1.045152     2.699317  2
    1.233327     3.793153     1.087948     3.256042     1.797804     3.891772     0.436027     4.638276     2.756952     4.136385  2
   -1.265489     6.047830    -0.014932     4.838612    -0.125335     5.960847     0.192587     5.655958     1.181237     6.179514  2
    2.679142     3.887714     2.356638     4.357961     2.321384     2.851641     2.809396     3.038104     1.772664     4.658982  2
    1.629807     2.867329     1.686522     3.827542     0.724982     4.766814     2.885873     2.938854     1.173964     3.550723  2
    1.590486     4.654339     1.802196     3.692321     2.098906     2.130365     1.031009     3.679842     1.041452     3.231262  2
   -0.647869     3.355189     0.387115     3.142522     1.621596     2.077247     1.552957     2.463410     0.521117     3.169081  2
    2.477072     1.953776     2.185890     1.439512     2.701805     1.825018     2.434890     2.300880     5.643426     1.281934  2
   -1.722530     0.931307     1.029491    -0.381517     0.570309     1.539159    -0.430502     2.805330    -1.602433     3.586712  2
    3.072718     0.633071     3.779630     1.057967     2.143728     0.298028     2.566418     1.143605     1.792081     0.717279  2
    0.406412     3.193981     2.254437     2.351470     3.417208     1.730628     3.948879     3.015006     4.122195     1.183711  2
    1.605105     3.088070     0.743472     2.081887    -0.830657     1.742230    -0.081658     2.208643     0.223537     1.977473  2
    0.459651     1.411956     1.658717     0.292094     0.317277     0.660905     1.199530     0.527913     1.479640     0.540243  2
    2.365029     1.967933     2.210567     1.977427     2.344699     1.795051     3.545741     1.703336     3.264212     1.079744  2
   -0.190329     3.682421     2.004575     3.679903    -0.779626     5.020867    -0.884242     6.747522    -1.001242     5.162214  2
    0.676650     0.760902     0.793957     2.866042     1.154808     1.980008     1.749749     3.299173     1.192941     5.032413  2
   -0.463019     2.973129    -1.785620     3.801091     1.063287     3.189743     0.278462     4.257758     1.052213     2.511094  2
    0.273918     1.886738     1.470903     0.669422     1.310004     1.508904     0.048595     3.631853     1.262134     2.542129  2
   -0.149679     2.688345     0.070108     3.685157     1.519687     3.738113     1.532283     1.766522     2.704961     1.979887  2
   -0.727750     3.296648     1.203320     1.972206     0.778076    -0.049685     1.592590     0.731556     1.562779     1.173907  2
   -1.023232     2.056960     0.405433     1.142513     0.753598     1.976834    -0.440451     2.858243    -0.331667     1.426732  2
    0.211956     2.163782     0.681907     1.959271     2.472363     1.244263     3.298239    -0.452655     2.834481     0.102038  2
   -0.885405     2.188574     1.154489     0.864194    -0.319965     1.720579    -0.160683     3.122044     0.185863     0.888753  2
    3.271207     1.397950     3.857946     1.417493     3.333345     2.402584     3.244243     3.202357     2.774029     2.874947  2
    1.308417     4.491087     2.080121     4.675211     1.333404     4.209690    -0.493270     5.487854    -0.168097     3.669296  2
    0.531295     4.293757    -0.053405     5.716953     1.281299     2.832748     3.190525     1.945404     2.962590     2.764187  2
    1.155684     2.699183     0.809122     3.652240     1.480899     3.707218     1.444497     2.900614     1.772136     3.111725  2
   -0.173855     4.546351    -0.413927     3.562416    -1.409990     3.903275    -1.423263     1.773145    -1.142142     1.926894  2
    0.606195     2.616085     0.475603     0.428284     2.521076    -0.497402     1.680603     0.951662     1.332970     2.335306  2
    0.564806     2.862030     1.800063     1.842628     1.585779     2.474470     2.750079     2.380250     2.783708     1.513714  2
   -0.878658     1.784089    -1.138478     0.369894    -0.502264     0.483599    -1.848724     2.684010     0.504109     1.677075  2
    2.087129     4.174321     1.167210     6.082165     1.502073     5.225304     1.769978     4.786444     2.807770     3.863116  2
    0.308165     3.208722    -0.909640     4.786281    -1.455344     5.287619    -0.829040     4.966520    -0.723987     5.582397  2
    0.984084     3.040585     2.073544     0.942730     0.735383     2.079263     2.245486     2.607215     1.624969     2.138378  2
    0.727397     1.565174     0.695652     3.146038     0.329959     3.655967    -0.509526     2.885486    -1.834472     3.608542  2
    2.171505     0.431446     1.327056     1.614089     0.275171     3.080164     0.711716     1.612845     0.233405     1.640718  2
    0.814023     1.867947     2.323615     2.737208     1.832719     2.244472     1.638243     2.299992     1.659723     2.011056  2
    0.157662     0.439909    -0.372000     1.133373     1.761532    -0.887344     2.130185    -0.674383     0.530691     1.029100  2
    2.639405     2.698858     2.329746     3.837645     3.628447     3.933876     0.916246     5.736211     2.954504     4.288778  2
    0.057063     2.827560     0.968351     3.380383    -0.785210     3.046601     1.383386     1.462403     0.397737     2.046927  2
   -2.461269     4.122161    -1.418996     3.904909     0.505798     3.480781    -1.498684     3.593806     1.042399     1.093620  2
   -1.327618     4.658827    -1.761059     5.796953    -0.774856     5.059918    -1.518887     6.569001    -1.948363     6.331533  2
    3.297410     2.250277     3.831279     1.972967     4.132182     2.708546     4.198756     3.005671     1.997003     3.800371  2
    1.062258     0.520958     2.042042     1.587322     4.378074     2.297909     4.097930     2.082376     2.463580     3.017860  2
   -0.681747     4.059320    -0.485803     4.034694    -0.923759     5.171933     0.225215     2.107172     1.659154     3.347360  2
   -0.965705     0.515966    -0.907006    -0.120437    -2.040779     0.328775    -1.151536     0.104763    -0.357365     0.799388  2
    1.331968     2.275566     0.252681     1.611353     1.536504     1.547958    -0.011163     2.749722     1.151760     2.213182  2
    2.239809     0.517116     0.676408     2.214188     2.490911     0.637296     0.109235     1.548388    -1.855584     3.020883  2
   -0.041739     3.520541     0.712396     4.780349     0.540127     4.836898     0.152931     4.701418    -0.210136     5.019551  2
    0.182461     4.391201     1.288329     3.791424    -0.236555     4.689403     0.508535     4.070722     0.324134     3.843979  2
    0.231054     4.137874     2.617929     3.245096     3.362072     3.592652     2.492484     4.129127     0.600309     4.327914  2
    2.721448     2.559346     0.256429     4.338637     1.787040     4.034873     0.783108     3.789536     3.984903     2.816163  2
   -2.509088     5.094306    -1.846678     4.967026    -2.881294     7.022238    -2.798647     6.379906    -2.397434     4.486634  2
   -1.198313     3.488795    -1.087549     2.634955    -0.126607     1.775337    -0.533606     3.626120    -1.446817     4.284615  2
    2.338524     1.831400     1.801404     0.224569     2.203106     1.199857     1.824575     1.977147     1.865729     1.294597  2
    1.107800     5.161523     0.858893     5.044265     0.694516     5.595427     2.442642     4.708556     2.296903     4.658359  2
    0.278503     2.723231    -0.567982     4.306839     1.024730     3.194230     0.677648     3.611108     2.961415     3.598226  2
    0.144266     1.946955     1.165563    -0.472140     0.118358    -1.359768     0.715836    -1.891951     0.260066     1.723535  2
    0.451893     3.742990     0.704973     5.474273     1.827740     4.548057     0.438185     5.736324     0.628632     3.830149  2
    3.328850     3.291892     2.848615     1.840453     2.613880     2.254038     0.792819     3.399883     0.814119     3.544108  2
    0.662264     3.196305     1.963244     2.803992     0.242282     3.506701     0.974091     3.834089     0.352571     4.918358  2
