   11.020386    10.441367    11.033420    10.216038    20.008405    18.938756    19.156557    19.504206     0.858091     0.448091
    7.536251     7.836881    11.282431     9.288466    17.092845    17.892913    17.117124    17.820137    -1.728134    -2.948537
    9.958091    10.104416     9.426451    10.136060    19.271605    18.823929    17.804756    16.208254     0.281675    -0.173978
   11.135238    10.241468    10.148172     8.949772    22.100728    22.589411    21.987914    19.819252     0.744273     0.983100
   10.395448    11.074829    10.525074    10.035310    20.392429    21.591029    20.115872    20.256294    -0.053433     0.015141
   10.883682    11.263961    10.143632     9.440300    19.691158    20.614973    20.842198    19.929116    -0.803549    -1.326272
    9.606296     9.426394    10.913643    10.606293    19.149011    20.035545    20.367967    18.565474    -0.129463    -0.126755
   11.948867    11.513635    11.458212    10.913160    21.526164    21.792718    21.910013    21.466713     0.199574     0.151695
    9.531031     6.355588     7.952070     8.338607    17.775558    15.438127    16.396589    17.340548    -0.232182    -0.587021
   11.343001    12.747857    12.801710    12.301953    20.931549    21.209753    22.778041    24.228937    -0.003347     0.155227
    8.645648     8.100745     9.040572     9.307469    21.858976    20.429886    21.518247    20.922071    -0.035133    -0.366591
   11.099660    10.479790    10.996134    12.432865    18.589213    18.545387    20.022092    20.397851     0.371871     0.201767
    8.591973     8.664751     7.771259     7.166323    18.322134    17.734509    16.974459    16.738231    -2.151837    -1.125188
   10.174908     8.136077     9.437694     8.011871    17.226133    18.496608    18.140132    19.020919    -0.955953    -1.114143
    6.540472     8.333682     7.775323     6.604888    19.325459    19.561784    20.669836    20.021821    -2.454635    -2.380472
   11.017148    10.282050    10.475757     9.582747    20.698858    21.749583    21.293764    20.680863     0.714671     0.925166
    6.830336     7.583962     7.616217     8.110631    18.618210    18.868027    18.588865    18.762527    -1.461369    -1.005480
   11.302645    10.414286    12.364458    13.299169    21.104384    22.130371    22.914313    22.826027     0.350755     0.154957
    8.702954    10.141627    10.414519     9.413545    21.040638    20.580283    21.054604    21.149979     0.232147     0.408153
    9.758302     9.117697     8.926475     8.869895    19.705960    20.074943    19.724088    19.038852    -0.352304    -0.653759
    6.694444     5.883188     6.140479     5.792907    16.503024    17.332252    17.559913    17.853602    -2.039956    -1.935049
   12.718171    12.431076    11.392876    13.590563    21.436425    22.144944    23.781829    24.828258     0.959659    -0.218264
   10.602992    11.191510    11.542770    11.852995    23.258064    21.357653    22.501754    22.642941     1.014620     0.630354
    9.938256    10.993961    10.553944    10.489021    21.038827    22.010618    21.281471    21.262588    -0.445640     0.043169
    8.599973     9.946051    10.387807     9.905163    20.620990    21.356483    20.423893    20.819526     0.381871     0.855396
    9.509555    10.322981     8.836515     9.360985    19.571523    19.263702    19.177115    18.329846    -0.579341    -0.159359
   10.643951    11.843633    11.721391    10.145043    22.136780    22.843048    21.283349    22.190272    -0.183004    -0.562287
   10.849922    12.438065    11.312421    11.730498    20.747410    20.282869    20.709692    19.007884     0.742034     0.076601
    9.496720     8.652473     8.289492     9.207910    20.184922    19.392861    18.931192    20.660446    -0.198482    -0.185445
    8.303845     7.148392     7.761629     8.493989    19.054735    19.059749    19.655378    16.882872    -2.263392    -2.276946
    9.658191    10.272681     7.598637     8.292764    17.918429    18.778450    19.673407    19.794113    -0.483388     0.145240
    9.126496     9.362241     8.691322     8.685896    18.071559    18.548268    19.658220    19.268513     0.329076     0.542267
    9.609544    10.881332     9.253646     9.171272    20.613699    19.248418    18.776388    18.820565    -0.693056    -0.204155
    9.903990     9.090406    10.566844     9.935020    22.312375    21.185424    20.618044    22.371915     0.710213     1.545286
    7.709911     8.668891     9.873089     9.705100    21.025582    19.303925    19.849089    19.524061    -0.479535    -0.520353
    9.691215     7.801540     9.922751     6.543655    18.253161    19.663133    17.804120    18.074590    -0.490753    -0.614940
    9.761231     8.700691     9.084051    11.802043    21.024412    20.992915    21.271361    21.318959     0.308786     0.017966
    9.689598     9.755678    10.785720    11.752556    20.463199    19.653374    21.400441    19.080265    -0.758490    -0.932152
    7.805454     8.579493     9.998158     9.802561    17.819184    19.719955    18.117074    19.511491    -0.815376    -0.432706
   12.746127    11.782102    11.207376    12.248310    22.760363    22.399812    22.499738    23.301886     1.855360     2.332433
   13.156126    13.516703    15.595712    15.599155    21.943701    21.796532    22.216655    23.644670     1.545619     0.938952
    9.623521     8.904392     8.475669    10.416155    18.810688    19.708023    17.911064    16.749093     0.515947     0.313397
   11.653790    11.516420    12.595916    12.991490    17.843766    18.273910    17.503929    17.672040     0.030609     0.208443
   10.480401     9.082769     9.664184     9.447282    17.790286    17.156575    18.150938    18.396353     0.890644     1.335352
   11.494300    10.000368    10.551201     9.983153    20.442997    19.499513    20.430562    19.464170    -0.758886    -0.969662
    7.480702     7.924956     8.250210     8.377300    19.194550    19.140431    19.775186    17.789049    -1.090828    -0.911034
    8.725286     8.120081     9.541442     9.362887    21.307241    19.995956    19.271271    20.556531     0.511100     0.121840
   10.662921    10.594868     8.512189     9.352683    18.675182    19.096132    18.098701    18.363072    -0.718153    -0.383162
   12.709347    11.311480    11.892460    12.452619    21.095112    21.655683    19.491369    18.280018    -0.093675    -0.349069
   11.728982    12.567341    12.353336    12.221979    18.909395    18.804209    18.905482    18.325389     0.813043     0.645204
   10.898267    11.267476    11.384504    14.363478    22.505625    23.133810    23.946519    23.069175     0.352641     0.424586
   10.637908    11.315372    11.438382    12.159344    19.511955    20.363682    20.741553    20.412624    -0.156101     0.299548
    8.892086     9.119944     9.834088     8.974851    19.797036    20.899700    20.370802    19.123953     0.052453     0.367540
    9.030641     9.406209     9.713944    11.449817    20.872375    19.863726    19.358422    18.375521     0.315444     0.332083
   12.691389    10.460951    10.153275    10.845777    20.601343    21.914516    20.240079    19.636016     1.588895     1.666892
    9.056205     9.168138     8.975514    10.179423    19.115293    18.700913    18.634842    16.907619    -0.503437    -0.868415
   12.526930    11.511723    11.673289    11.545103    22.060510    19.912461    19.891095    19.258404     1.478542     1.465392
   11.039334    10.476058     9.821414    10.140554    19.292377    18.275620    18.909664    19.420147    -0.894014    -0.885492
    8.951497     9.871320    10.379220     9.716297    19.966073    22.110583    21.055511    20.221076    -0.216926    -0.420090
    8.561918     8.817161     7.837118     6.722817    19.627549    19.626596    19.376809    19.059251    -0.631915    -0.293158
    8.416944     7.808087     9.748269    10.243144    19.450780    20.223261    20.571773    18.432724    -1.148675    -1.439076
   12.258908    12.178983    11.961468    12.563295    21.638230    22.857480    22.916566    21.146098    -0.337087    -0.447439
   10.400259     8.661609     8.292028     9.155816    18.430723    18.766173    17.773156    18.232003    -0.992091    -1.475629
   10.258884     9.759405     9.096188    11.658805    18.303327    18.047075    19.414382    18.900775     0.002925    -0.577060
   10.759447     9.795220     9.353569     9.308264    21.604651    22.278717    20.907464    21.665325     0.691162     0.374399
   11.183982    11.251785    11.559366    11.370929    24.472180    23.748310    23.298184    22.539239     0.953281     1.374891
    7.822999     8.121126     9.315466     9.723913    19.789747    19.367155    21.549023    19.190518     0.000685     1.231453
   10.210426     9.810339     8.793930     8.076685    19.666910    18.645451    18.542917    17.416892    -0.919495     0.029231
   10.780801     9.968880    10.099887    10.249389    21.561152    20.678109    19.920138    20.279398     0.532314     0.598771
    9.365074     9.492037     9.276110     9.885383    21.199993    21.907462    20.943517    22.227559    -0.919230    -0.318140
   10.325449     9.629573     9.563698     9.920857    18.096136    17.825170    18.866366    17.688537    -1.448339    -1.276735
    8.492825     9.634967    10.452404    10.446623    21.190298    23.439497    22.933024    21.506427     0.155212     0.215959
    7.678262     8.107203    10.282777    10.932460    18.981214    20.184476    20.719283    20.145175    -0.459146    -0.572348
   10.298204    10.375287     9.418443     9.515506    17.860718    17.139685    17.375167    18.357952     0.656770     1.397701
    7.195058     4.762153     4.967726     6.047270    16.863508    16.104002    15.581966    15.712614    -1.795255    -1.307735
    9.316798     9.011439     9.734876    10.056200    17.382151    17.454918    18.467373    17.948709    -0.744707    -0.536012
   10.684621    10.537160    11.251029    11.543958    19.296560    18.524770    19.083207    20.174767     0.739467     0.555904
    9.962631    11.241007    10.430410    10.011577    17.407574    17.064669    17.582311    17.302573    -0.879323    -0.614095
   11.231991    10.900901    12.346866    10.608286    20.687696    21.630279    20.535860    20.409511    -0.128084    -0.645411
   10.331912    10.800309    11.061387    11.801030    21.771797    20.133280    20.092818    20.752524     0.312702     0.087562
   12.741309    13.139927    13.267648    12.007655    22.562460    21.497912    21.194821    19.483711     1.636194     1.898459
    5.846609     5.158655     6.287094     5.355268    16.976834    17.923499    17.804761    17.943285    -2.461039    -0.772513
    9.672340    11.059859     9.592828     9.849319    20.601495    21.162179    23.044593    21.305155     0.027791    -0.623753
    7.913278     7.397049     6.626848     7.451409    20.457875    21.126841    20.101830    19.732910    -0.361963    -0.490070
   10.132186    10.124223     9.069818     9.699708    19.199326    18.504381    18.215566    18.014602     0.367258     0.147491
    8.302827     9.568730     8.907966     7.592773    20.464853    20.153549    18.149295    17.369405    -1.286183    -0.420850
   11.319008    11.722292    10.182568    11.487912    21.364100    21.148836    20.681189    20.594994     0.172189    -0.204339
    8.677114     8.459394     9.547056    10.266826    19.665820    20.542762    20.900623    19.747700     0.053674     0.855620
   11.063215    11.936586    11.138002    10.881192    20.928394    22.968771    22.560030    22.275199     0.983883     0.666334
    9.722518    10.018846    10.267014    10.059821    21.378324    20.696965    21.521015    23.291356     1.141642     1.029836
   10.084022    11.955502    12.970510    11.445215    20.863420    20.475488    19.806368    21.306800     1.064803    -0.420007
    9.192942    10.101108     9.846736     8.791237    19.029048    19.800220    17.606078    18.409143     0.471374     1.298373
   10.535316    11.095957    11.060425    10.163779    20.876964    20.072339    20.178964    20.555933     0.468199     0.564450
   11.222844    10.538917     9.448631    10.817710    20.793087    21.015502    20.241660    17.958983     0.126882     0.500717
    9.725215    10.276648    10.157055     8.975666    19.562416    20.483021    21.192282    19.940146    -0.990159    -0.652174
    9.037201     9.442319     8.436195     9.264624    20.963127    19.820388    18.900821    17.568676     0.282497     0.088358
   11.523978     9.565922     9.654285     9.679863    19.142814    19.692344    19.751632    21.051830     1.406709     1.138418
   13.605685    13.657575    13.858213    12.391383    21.042197    19.354339    19.408652    20.314351     3.203622     3.001713
    8.496099     9.274415     9.011021     9.568716    18.472478    18.921582    19.757746    19.219529    -0.527258     0.149543
   11.642288    10.110044    10.903280     9.409670    21.593747    22.358559    21.366888    21.852646    -0.005818    -0.828172
   10.808022    11.494941    11.582782    10.714282    22.760213    23.407825    21.758324    22.477252     1.699734     1.327499
    8.712732     9.535156     8.732044     9.860445    20.023982    21.677264    20.031615    20.438573    -1.340132    -1.008691
    9.417802     9.958490    11.212856     9.426217    17.949373    18.946471    19.032954    16.752231    -0.950688    -0.896262
    9.645712     9.090486     6.788188     7.147882    20.986355    19.207888    20.451468    20.193907    -0.354798    -0.600532
    9.312663    10.257184    10.904620    10.005997    18.722662    20.140088    19.636558    21.629380     0.138202     0.820849
   10.406233     9.119366     9.766066    10.520273    20.543771    18.820319    18.803060    20.908884     0.740391     0.384851
    9.487134    10.212987     8.735887     8.947591    20.287022    19.940448    19.556543    18.871228     0.110487     0.099154
    8.968480     8.128387     8.752399    10.279037    20.214074    20.216288    21.554559    22.099523    -0.651299    -1.118680
   10.297969    10.487182    10.249020     9.383013    22.390610    22.270969    21.597535    22.384702    -0.184679     0.443759
   11.579145    11.922879    12.406989    11.418858    20.265120    19.918037    20.381076    20.546654     0.771142     1.038639
    8.016632     7.238942     8.784295     8.868974    18.290165    17.574955    19.592475    19.031213    -1.315169    -1.231905
   12.237387    11.945139    12.561823    13.354626    21.759266    21.243258    21.668215    21.665054     1.879808     1.573498
    9.369205     9.148838     8.235096     7.995752    19.839966    19.100043    18.698551    17.929700     0.631008     1.028443
    9.950332     9.637378    10.008654     9.661256    19.818244    17.709890    17.865182    18.241016     0.121986    -0.528291
   11.085031    10.402052    11.136973    10.065891    21.683184    20.777065    20.709272    20.889174     1.322354     0.964288
    8.019801     8.679965     8.345232     8.545475    19.410067    18.932351    20.259751    19.655019    -1.812803    -1.593212
    7.778199     6.566356     6.636661     8.492582    20.272304    20.520477    19.067447    20.362435    -1.556331    -1.521558
   10.994468    10.933696    10.858097    10.430693    20.421729    19.574193    20.026390    21.191870    -0.833300    -1.122427
    8.985672     8.850094     8.493148     9.466692    20.661379    21.725514    22.251672    21.838756     0.181287    -0.166985
   12.538947    12.756030    13.263815    12.267512    20.679561    20.472780    20.478251    20.974067     1.978907     2.075045
    9.270313    10.055027     9.182796     9.207293    19.918810    19.014156    18.799429    19.167785     2.219201     1.705408
    9.911556     9.727091     8.748057     9.128038    20.261029    19.353660    18.399167    18.593536     0.555504     1.052675
   12.534098    12.573282    11.865850    11.178304    21.843828    21.064564    22.021692    22.368295     0.480270     0.872714
    9.937813    11.664435    10.535606     9.074518    23.673666    23.945531    23.972171    24.571999     1.131016     1.216914
    8.391822     8.754131    11.010415    10.774927    20.111435    22.342611    21.376408    22.089722    -0.133709    -0.407768
   13.278230    13.842319    12.646948    13.542148    21.579839    21.909699    22.397008    22.650721     2.464861     1.843673
    8.790011     9.696652     9.561901     7.828161    20.546321    19.142577    18.187413    19.400001     0.469752     0.472227
    9.925317    11.467167    10.119412    10.440176    22.662747    21.211343    21.729421    21.879055    -0.468727    -0.574740
    8.845770     7.974716     9.535400     8.670974    19.546101    18.493970    18.476259    19.392015     0.238417     0.390656
   13.180520    13.740487    13.314766    14.437253    23.937196    22.454612    23.151574    24.485105     3.112235     2.232379
   10.542814    10.632925     9.431445     9.573065    19.183854    19.060426    19.483449    19.747385     0.351629     0.810812
   12.160717     9.438912     9.335406    10.461226    22.419169    21.779384    20.791960    19.849323     0.951576     1.114944
   10.871718     9.284875     9.615684     8.522887    19.369616    19.322101    20.124704    18.861153     0.182810    -0.273068
   12.287080     9.928413     8.800240     9.380396    19.932356    19.640107    19.627559    19.291995    -0.073670    -0.976190
    9.923160    10.747549     9.303674     9.683319    20.230197    19.961447    21.358670    19.793351     0.026259    -0.325986
   11.264186    10.758696    11.846980    10.891912    18.575697    20.453329    21.914983    21.955926     0.454358     0.654131
   12.570148    12.575334    10.697752    10.799866    20.452230    18.524099    18.259407    17.969258    -0.015215     0.098001
    7.433768     8.255953     8.341768     7.584955    19.205937    20.186369    18.644811    20.787837    -1.865998    -0.650249
   10.407875    12.169010    10.488302    11.746465    18.604718    18.960825    20.438171    20.371677     0.842122     0.837046
   10.897842    11.103386     9.946813     8.584442    22.714921    21.935221    20.076160    19.183645     0.574300     0.444970
    9.970129     9.812640     8.970522    13.035469    19.177135    18.706665    19.092494    19.283308     0.302979     0.213594
    8.597875     8.600948     8.126669     8.218467    19.720439    20.603964    19.054303    17.607609     0.526140    -0.575798
    8.956222     8.067235     7.096293     7.335206    22.182327    20.775153    20.568878    21.483287    -0.499453    -0.737609
   11.232940    10.035889     8.718759     7.812958    18.889695    18.089102    17.434307    17.822811    -0.054948    -0.056393
    9.949985    10.549920    10.172349    11.906694    20.294220    21.287320    18.919256    19.475657     0.538645     0.786879
    9.339762     9.501367     9.094287     9.602417    18.867346    19.113481    19.123517    18.493896    -0.303405    -1.034364
    7.516381     8.664974     7.511621     6.884865    18.121724    18.630967    19.351396    18.178014    -1.513089    -1.708156
    9.257254     8.600282     9.119316     8.140971    20.378212    19.721841    21.183923    19.723380     0.744532     0.697507
   10.308132    10.030648     9.770840    10.313432    17.942598    19.027655    18.037393    17.664680     0.927168     0.022783
   11.260398    11.172114    10.589801    11.636462    23.196091    24.103020    23.292651    23.687001     1.104058     1.015104
   10.514428    10.148671    11.246274    11.249357    22.528732    21.474357    22.026802    21.981252    -0.103457    -0.978963
   10.633681    12.029678    11.451992    11.446224    21.595005    21.683636    22.810718    21.283861     0.191817     0.282384
   11.219132    11.024380    11.171552    10.748977    21.530563    20.115170    21.102966    20.638932     0.007945    -0.420517
    9.783443    10.296604    12.123468     9.717470    19.335821    20.659825    19.713610    20.431040    -0.356418    -0.706051
    9.185228     9.475525    10.673517    10.059150    20.141303    21.121025    20.597231    20.072881     0.022959     0.126544
    6.887028     8.740515    10.103065    11.253861    17.286476    15.528509    18.233546    19.100786    -1.736437    -1.429998
    7.544566     6.823134     7.974263     9.946628    16.294101    17.001132    18.086832    19.634093    -1.924561    -0.943312
    8.617424     9.808925    10.759792    10.756195    20.280769    19.988388    21.600132    20.409159    -0.685450    -0.770167
   11.752156    12.800818    12.258134    10.232535    21.566181    22.564868    23.730137    22.710348     0.851128     1.310866
    9.052973     8.596177     7.596341     8.729746    19.463257    18.832479    19.871384    17.425671    -1.450494    -0.957664
    8.826513     9.234013     7.686022     7.692944    18.671689    19.259106    18.316641    15.932850    -0.393822     0.554460
    6.915615     7.987660     7.915718     6.169957    18.170331    17.607410    18.347888    15.796568    -1.619706    -0.315608
    9.707086     8.324956     9.091121     8.358269    19.805746    19.438990    19.050267    20.762696    -1.273992    -1.676578
   13.197739    11.630639    10.952624    14.320705    21.707643    20.761327    22.595121    20.338222     1.439221     1.903729
   12.380763    12.043740    13.018637    13.606396    22.403070    24.775790    23.376332    22.290378     1.128726     0.868624
    8.074936     8.198104     8.264447     9.583100    18.211898    14.648734    15.460281    17.718207    -0.900820     0.334492
   10.686968     9.687288    10.471562    11.746440    20.196643    21.128119    19.898927    21.061775     0.048279    -1.043312
   10.591813    10.509710    10.098197     7.640773    20.863624    21.129826    21.090105    18.837434    -0.172374    -0.525716
   10.568692    10.466069    10.324976     9.948414    20.300632    19.538005    19.735053    20.065670     0.762652     0.591544
   10.119000     9.238782     9.302129     8.865544    18.350026    18.300435    17.182886    16.885343    -0.305915    -0.270487
    8.075596     8.019674     8.576101     8.162482    20.211893    21.324741    21.115018    19.079526    -1.122058    -0.514229
    8.820255    10.186375     8.228958     7.927289    19.146490    19.606317    18.986583    18.204826    -1.349611    -1.464925
   11.573958    12.129018    12.159895    13.659701    20.548191    20.951549    21.647109    20.596604     0.701007     0.528530
    7.631009     9.360730     8.818811     8.843311    19.624391    20.537507    21.041129    21.345050    -1.376857    -0.196376
   11.857697    11.503676    11.207046    10.061051    20.873341    20.706767    20.839606    21.111936     0.293626     0.108238
   10.566414    10.832855     9.728514    10.340959    20.603963    19.589112    21.867257    21.035850    -0.358161    -0.034476
   10.999457    10.991256    13.130491    11.751272    18.948196    21.729743    21.544879    23.388641    -0.162041    -0.542640
   13.795750    11.579902    10.201634    11.111248    20.595253    19.675626    19.708640    20.299214     1.661372     1.943336
   10.088713     9.571337    10.937059    11.453151    19.764619    19.414663    20.022093    19.637609    -0.056713     0.420678
    5.294164     5.590858     6.916054     7.139585    18.635906    19.408712    18.887168    18.454862    -1.904135    -1.935140
   10.194404    11.045310     8.977132     8.005965    19.992903    19.004883    20.020568    19.797877    -0.264577    -0.612608
    9.818311     9.686563    10.224171     8.093218    21.237897    20.999146    19.140069    19.869583     0.660761     0.682510
    9.788496     9.358202     9.310176     9.200163    19.603138    20.082433    19.477460    18.815343    -1.974352    -2.198121
    9.225624     7.649280     7.624975     6.693511    22.903880    21.447142    21.533487    20.515574    -0.445916    -0.763936
    7.702069     7.329088     8.657725     7.443102    19.185169    19.485674    18.334387    16.329953    -1.098355    -0.517620
   11.825235    13.674925    12.677562    11.777034    21.834291    22.619058    21.726450    20.947024     0.902492     0.829556
    9.193896     9.101494     8.563809     8.858039    20.184131    18.052974    18.468325    17.638173     0.042857     0.567799
    8.380891     6.517134     8.053211     7.953037    18.519442    18.244119    17.986475    18.933002    -2.374702    -1.451060
   11.312837    10.210007     9.409438    10.145882    20.397750    20.380508    19.821882    20.261529     0.759368     0.824388
   11.225260     9.680927     8.723219    11.328772    20.127791    20.258193    19.521372    18.753955     0.600187     0.678821
    7.688953     8.369358     8.242650     9.254993    17.189501    17.461602    18.056629    17.646189    -0.996367    -1.291583
    9.310319    10.562617     9.580716     8.775688    19.746444    21.153602    20.758457    20.669184     0.189049     0.203949
   10.457569    10.493973     9.123839    10.209262    18.865634    18.616200    22.191236    21.246983     0.637488     0.692123
   10.832312    10.604786    10.860872    11.209645    18.739699    19.285410    18.929666    18.198215    -0.262168    -1.022997
    8.065227     7.902713     7.555587     9.177682    18.762127    17.979102    17.517192    19.028467    -0.865052    -0.318878
    8.900924    10.257936     9.322211     9.334990    20.013627    20.459261    19.990222    20.905832    -1.005505    -0.592924
    7.204757     6.214277     8.018145     9.375504    17.976270    19.330115    19.758427    17.421206    -0.536053    -0.914837
   10.305567     9.763651    11.595719    10.583003    21.176089    21.674461    22.152253    22.326978    -0.377678    -0.180536
   10.556921    11.001401    11.265437    10.119427    19.374672    17.678304    20.198719    18.329401    -0.042008    -0.478880
    9.824751    10.743133    10.678347    11.639148    21.223603    20.269312    20.373209    21.987821     0.214908    -0.072239
    8.801630     7.867303     9.111303    10.162298    21.365375    21.665189    22.083416    22.063491     0.085237     0.240477
    9.760212    11.901147    11.146242    10.184565    20.619385    20.888026    20.565860    19.270496    -0.319042    -1.153528
   10.925680    11.007508     9.875076    10.799492    19.328942    20.895215    22.289422    22.045356     0.222442    -0.349722
    9.754492     8.978479     9.813702    10.303151    18.946149    19.318019    18.359223    17.388859    -0.855706    -0.472164
   10.389413     8.968078     7.811686     7.177479    19.447962    18.008093    17.118587    17.345141    -0.418578    -0.453065
    9.635969     8.926434     9.962836    11.348033    19.815562    19.914239    19.856694    22.380626     0.493335    -0.702718
   10.287019    10.066017     8.287747     8.961018    18.597143    18.439837    17.249398    17.510863    -1.300944    -0.841566
    9.856107     9.180175     9.399955     8.617812    19.118021    18.546177    17.204638    17.700177    -1.854773    -2.476437
   12.469651    11.517600    11.470762    12.489428    20.598239    22.321440    22.424184    20.994256     0.940380     1.745979
   10.978582    11.594156    11.422962    12.324034    22.063452    21.325986    21.549538    22.800405     1.494885     1.622113
   10.354249    10.282718    11.043961     9.709780    16.616283    18.099578    16.952202    19.898524    -0.498221     0.532617
   10.643766     9.890441    11.254153    11.890259    19.453967    18.923408    19.228297    19.879456    -0.692228    -0.513752
   12.728197    13.774746    12.675050    11.552665    21.973641    21.849117    22.567448    21.385054     1.174941     1.284369
    7.919288     7.329706     8.819718     9.110717    18.637694    18.886319    20.429013    21.399601    -1.019785    -0.675379
   11.048767    10.095647    10.585663    12.432351    19.857446    22.109191    20.979149    20.907908     0.767476     0.188872
    8.832568     9.193296     8.759793     7.799673    20.141335    19.328965    18.603158    19.497199    -0.394671    -0.073662
    9.724074     7.888024     9.693150     9.216721    19.360444    20.452021    20.447309    21.030550    -0.211780    -0.473550
   10.279559     9.861206     8.908786     8.469649    19.235386    18.593095    20.398063    18.880287     0.196667     0.386421
   12.000363    11.261373    10.723327     9.095985    19.745639    19.052109    19.623509    19.338481    -0.238070    -0.274265
    8.310855     9.267152     8.027322     8.137434    19.681453    18.560325    18.135611    18.970643    -1.417177    -1.255301
    9.580242    10.098655    11.198525     9.548097    22.355833    21.306095    21.594765    22.460493    -0.103108     0.009421
    9.485118    11.263175     9.351561    10.606338    22.451276    19.437014    19.559828    19.674777     0.259012    -0.240031
   12.169475    12.982741    12.637555    11.574457    25.198937    23.842963    24.694685    22.810518     0.955241     1.027320
    9.082228     8.658099     9.525207     8.339987    21.487350    21.996129    21.130320    20.603481     0.454471     0.009004
    9.571828     9.086993    10.422140    10.949890    19.492872    19.463703    20.135571    20.667181    -1.365849    -1.436594
    9.510717     8.004489     7.687729     7.491123    18.426995    18.173345    19.021179    19.137963     0.616041     0.057578
   11.227130    11.587178    11.810755    12.448228    21.576397    22.087414    22.959254    23.159511     0.402014    -0.223951
    9.645802    10.535529    10.099692    10.781299    21.780885    21.244319    21.200078    20.735770     0.159129     1.105646
   11.021254    10.347340    11.091105    11.013896    18.102848    20.194317    20.460314    21.007123     0.296693     0.416197
    8.296113     9.037800     8.732727    10.661365    20.612268    18.930442    20.409845    20.510973     0.367605    -0.218740
   10.591761    11.077757     9.756419     9.508666    20.717981    19.353169    19.397628    19.160667     0.177334    -1.061218
    6.502249     8.187985     8.142773     7.496450    17.350471    17.371156    17.707732    17.205708    -2.761893    -1.509541
    9.180968     8.945197    10.267061    11.297826    20.052263    19.158476    20.346027    18.646175    -1.084701    -0.918380
   10.190870     9.941337    10.576616    13.295707    20.770722    21.917456    21.501925    23.168918    -0.179100    -0.143446
   10.987988    10.916853    10.062489    10.283834    20.954516    20.438173    20.453378    20.145208     1.405278     2.099935
   12.094459    10.781469    11.449593    12.410406    23.252134    22.762769    23.993654    24.332139     0.609960     0.976684
    9.370750    10.429190    10.280771     9.695197    19.265744    19.650276    20.926010    20.417722     1.710670     1.464113
   10.962286    10.597033    10.298572    12.009766    21.066534    21.768435    21.045987    21.659368     0.227538    -0.510706
   10.645188    10.441270    10.339421    11.261109    18.907599    18.321895    20.225381    18.731392     0.814580     0.166305
    9.028613     8.400515     9.164039    10.079397    18.513148    18.197163    18.322000    20.500410    -0.502182    -0.272116
   10.568864     9.308784     8.846318     8.749927    21.483958    18.313194    19.379193    20.992165     0.549551    -0.172698
    8.497324     8.971145     9.862022    10.548924    18.731583    19.859438    22.301576    20.983839    -1.243299    -1.364524
   11.914404    12.362410    12.406818    11.574725    19.826338    22.096876    20.474422    20.275124     0.537932     0.038594
    9.660247     9.226151     9.322014     9.282316    18.599479    17.109053    17.186314    17.584884    -0.487776    -0.628184
   13.062941    12.690438    11.706801    11.300003    21.490785    19.201076    18.370997    19.534759     0.932401     1.261019
   12.554008    13.931584    13.792904    12.117507    21.733764    22.132845    23.128543    21.991917     0.907282     0.847182
   10.126366    10.117315    10.272110    10.424907    18.192621    19.381708    19.236350    19.663377    -1.104417    -0.777438
    8.092857     9.485157     8.600867     7.481110    20.164085    19.803530    19.444552    20.335451    -0.866497    -0.770317
    8.144430     6.725255     7.551576     8.680043    19.739498    18.946830    21.516551    21.844926    -1.799453    -1.268624
   10.632675     8.928569    11.252834    10.083848    19.195244    19.042777    17.594379    18.812802    -1.109662    -1.166837
   13.752317    12.462569    13.024587    13.829070    25.589408    25.018953    25.122123    24.776265     3.281204     3.436846
   13.172058    13.647190    13.249650    12.784126    21.503800    21.826728    20.795953    22.667018     1.044241     0.893980
    9.513129     7.660884     6.963826     8.014976    18.998976    18.020352    16.641679    19.704986    -0.397077    -1.166540
   12.276700    11.588619    12.002822    10.880822    18.204111    18.678811    19.707959    19.328537     1.323126     1.451071
    9.466543    10.268556     8.979885     9.877634    19.848997    19.732180    18.953216    20.902282    -0.102471    -0.079446
    9.169801     9.898593    10.276003    10.236841    18.570762    16.727453    17.318241    18.561646    -0.078244     0.056330
   10.287042     9.674836    11.665379    10.660535    20.039474    20.046540    18.528757    18.523171     0.087504    -0.327897
   10.540992    12.474705    10.966928    11.187054    22.125177    22.426233    20.591878    22.995301     0.123993     0.032653
   10.157322    10.464485    10.563332    10.738743    20.517257    22.528902    23.969779    23.967160     0.535136     0.400733
    9.039885     7.401743     7.382848     8.707667    20.616173    22.270676    21.606274    20.404754    -0.979209    -0.568960
   11.015632    10.560288    10.954116    10.621043    21.497302    20.816611    21.432122    21.667065     1.427671     1.357152
    9.195055     7.463694     7.908995     8.752721    19.226807    18.404191    18.277139    20.077917    -1.490215    -1.953522
    9.810312     9.626679     9.919872    12.986907    18.366027    18.355285    20.357866    19.002466    -0.688870    -0.718004
    9.750704     9.459318    10.265285    11.239902    20.530262    22.047540    21.576465    21.225252    -0.798729    -0.952162
    8.544913     8.296984     8.860671     9.812076    18.787174    17.938024    17.341347    18.978336    -1.348310    -1.832431
   11.127305     9.147536     9.710340    10.252940    19.119109    17.879385    18.377506    19.369406    -0.588970     0.201783
    9.430196    10.646536    10.423263     8.947338    18.874835    20.343659    19.441969    18.877956     1.970838     1.512768
    9.520342    10.864044    10.931503    10.496401    21.272357    21.494299    21.062412    20.741940     0.476464     0.201810
    8.316040     8.503296     7.784686     8.957925    17.755723    18.777928    17.157943    18.532721    -0.210586    -0.116081
    8.454650     9.762113    10.127315     9.735819    19.341666    18.714397    18.598629    17.671918    -0.293910    -0.427080
   10.466908    10.813193    11.079116     9.752114    17.661218    17.730099    18.412400    19.253701    -0.431502     0.161510
    8.208613    10.556669     9.177475     8.345226    22.235046    21.405308    22.555634    20.968287    -0.769970     0.005098
   10.475759    10.065926    10.442412     9.604254    20.829145    20.770438    20.476034    20.772306    -0.864062    -0.521120
   10.361734     8.439056     8.198568    10.168097    20.304602    19.244944    20.164574    20.052372     1.442239     1.641604
    8.689547    10.339329    10.224066     9.035905    19.166969    18.784235    17.306269    19.088992    -0.240654    -0.011942
   11.559237    12.502417    11.570592     9.239730    19.197386    19.433226    20.522160    20.332378    -0.194079    -0.844777
   11.606175    11.644693    12.471179    10.833686    21.333812    21.445397    21.930925    22.190117     1.046520     0.559228
   11.328526    10.099148    10.985943    10.876570    18.804331    19.789029    19.191655    19.008752     0.927589     1.269314
    9.563471     9.847701    10.245744     9.456557    22.149767    20.687708    21.470917    21.632482     1.723503     0.864105
    8.917570    10.016449     8.614398     8.525472    19.291572    19.256382    17.773822    17.430986    -0.458087     0.220694
    9.106707     9.338577     9.478352     8.849729    18.455334    18.838080    17.272393    18.068358    -0.175791     0.498717
    9.388286    10.841888    10.831434     9.824823    18.531466    18.959792    19.350455    18.075343    -0.210333     0.521810
   10.676637    10.219370     8.942417    10.291720    21.306332    19.958487    19.072607    19.349331     0.089704    -0.093927
   11.322501    11.719525    11.639043    13.240567    21.092777    19.507839    19.995074    19.201404     1.345646     1.460985
    9.487227     8.191976     9.052032     8.072830    21.429354    21.849088    22.059638    21.176675     0.012200     0.431719
    9.108533    11.306763    11.098385    10.811416    21.533837    22.548133    23.134333    22.495459    -0.574833    -1.409620
   11.162011    11.313520    10.829492    11.979645    20.155619    19.802151    19.940688    21.236333     0.426354     0.559027
    7.235704     7.138904     9.323190     8.042233    18.966226    18.478384    19.070729    17.707695    -1.544892    -0.624829
    8.552231     8.903931     7.629519     6.464905    18.889169    18.188318    17.935417    18.231518    -0.719115    -0.729925
   12.097804    12.396442    13.291011    12.597787    22.003233    24.547449    22.951658    24.049692     1.150962     1.133490
   10.902960    10.139459     9.553184    11.037032    20.779298    21.918096    22.615587    21.950643     0.318378     0.298176
    8.356436     8.529813     9.533200     8.468442    20.708216    19.751940    18.398922    16.573236    -0.169070    -1.277068
    7.562362     7.355614     8.062432     8.142909    19.640094    19.292228    20.253211    19.491393    -2.295801    -3.344712
    7.519968     7.095465     7.990752     6.880240    17.669753    18.635973    17.757635    16.257797    -1.461583    -1.028493
   12.604379    12.533964    10.983740    12.588477    21.839038    23.333111    22.046271    20.439920     1.323462     1.177980
   10.768918    10.404294    10.975456    10.506117    19.308666    20.273363    20.659192    19.989477     0.350444     0.745102
    7.637143     6.337025     7.280036     7.163741    16.615537    17.529937    18.837642    19.425129    -0.433312    -0.235528
    9.477321    10.157149    10.029572    10.958792    19.565691    20.304906    20.092681    20.314437     0.237840    -0.461870
   11.697060    10.298715     8.661308     8.154109    20.089270    19.166845    19.792237    17.874320     0.656654     0.871408
    8.577205     7.167891     8.637370     8.050448    16.242334    15.423973    16.451618    15.108228    -0.879011     0.470927
   12.261308    12.804498    14.753196    14.059159    20.663874    22.026635    22.022508    22.962418     2.138018     1.566842
    9.228220    11.623199    10.854112     9.710658    19.145090    20.359100    19.741276    19.360487     0.140078    -0.363096
   10.923170     9.400108     9.489880     9.883669    22.811390    21.776626    21.507289    20.542684     1.383726     1.035209
    9.548903    11.541099    10.939353    10.957111    20.854394    20.032969    21.299727    21.734680     0.726575     1.624298
    8.147515     8.410885     9.348726     9.280605    18.581006    19.443332    20.207171    18.647765    -0.918747    -0.688862
   11.056123    11.081800    10.705468     9.736645    21.204115    21.859190    22.641056    21.562075    -0.167282    -1.202554
   10.131708    10.193564    11.417675    11.743071    16.726436    17.086625    18.431497    18.012683     0.182640     0.328103
    8.703394     8.109521     6.788396     7.752356    19.725645    17.946168    19.181202    19.414230     0.014580     0.309359
    8.284204     8.694615     9.171029    10.407674    19.949116    21.198604    21.508806    21.587418     0.055449    -0.190353
    8.531840    10.367082    10.503475    10.628687    20.582581    19.509057    19.019474    21.041900    -0.435054    -0.309873
   10.687192    11.013991    11.744793    12.243331    20.486271    20.512036    20.433271    19.845998     0.565215     0.000148
    4.835165     6.393495     7.020173     6.533637    19.221448    20.001068    20.676228    20.999453    -1.686410    -1.596182
    9.733971     9.430536     8.917911     8.127828    17.242012    17.047435    17.039268    16.601406    -2.262322    -2.476751
    9.827227     8.652698     7.690863     9.027946    21.492232    19.721173    20.209524    20.728155    -0.770777    -0.709121
   10.832475    10.572973    10.555139    11.227699    19.136298    21.112277    20.560522    20.065662    -1.160848    -0.567659
    9.075751    10.070203    10.903278    10.760447    19.663423    20.023518    19.554921    19.039212    -0.880497    -0.564222
   11.315356    11.860649    10.743386    10.603772    20.197759    18.488386    19.015260    19.331043     0.310717     0.814224
    9.376185     9.510681    11.649198    10.625221    21.449214    21.480020    22.418428    21.702763     1.123848     0.153038
   12.022295    11.524704    10.732264    11.704801    20.437345    18.223250    18.837462    18.967963     1.803358     2.026310
    7.966402     7.856064     8.539654     8.242721    20.165607    21.299699    21.093349    19.473508    -1.348917    -1.357244
   10.641259     9.655330    10.740157     9.881720    18.827847    18.297106    18.815421    20.266621    -0.961724    -1.422767
    9.700625     8.931365     8.923071     9.157178    20.179142    20.519999    19.895843    19.657468    -0.593846    -0.179807
   10.322173    10.757417    10.119703    11.397372    20.606218    22.613735    21.761719    21.745252     0.343741     0.572085
    4.852333     6.617276     7.544525     8.733686    20.116588    20.511271    20.254780    20.072183    -2.736701    -1.924777
    9.853339    10.067936    10.199786     9.809661    21.627687    21.711165    21.397225    19.235741    -0.599996     0.650153
   10.572498    10.754146    11.706527    11.656977    18.092588    18.716504    19.896838    21.580247     0.633865     0.411500
   10.921264    11.673417    10.358634    11.283595    20.905923    21.515048    21.288057    21.725958     0.340879    -0.308647
    8.761575     9.907605     9.506815    11.666296    20.726262    22.006987    22.029883    19.849293    -0.093065    -0.279857
    9.628246    11.729102    11.267504    12.031223    18.892914    19.970052    22.500548    20.604100    -0.499937    -0.286205
    8.839627     9.896567     9.040288     9.986535    18.772989    20.374994    19.311675    19.692334    -1.181728    -1.783147
    8.974871    10.540755    10.501593    10.486022    18.867044    19.057548    19.059573    17.961560    -0.064551    -0.310767
   11.213076    10.431825    11.413748     9.275656    19.075876    20.123819    20.534705    19.683738     0.977550     1.511220
    9.894438     9.818682    11.044169    10.844805    20.452248    20.859429    20.559681    20.515870     0.732094    -0.315341
   10.198522     8.921998     9.067804     7.543545    19.464488    19.785216    17.480880    19.115611     0.378678     1.310351
   12.284562    10.206442     9.388143     8.657850    19.269352    19.732528    18.977339    17.998144    -0.107651    -0.381633
   11.114502    11.196001    11.028957    11.743333    19.885861    21.050676    20.465501    20.240672     0.275207     0.180878
    8.293133     9.584322     8.781608     7.077629    18.576845    17.651729    18.088553    16.686692    -0.664506    -0.902520
    9.415623     9.139565     9.669624     9.687423    22.327418    22.454865    21.954212    21.923983     0.538374    -0.312328
   11.818497    11.570942    12.462918    12.185923    21.585755    21.036303    20.722893    22.948950     1.096381     0.799163
   13.132972    13.454662    13.115302    13.642635    21.674307    22.212663    23.027737    22.035224     1.259363     1.150976
    8.615247     8.172596     7.390682     8.535002    17.105847    18.099935    19.228005    19.319483    -1.473006    -1.607296
   10.894995     9.702874     9.682842    11.648261    19.860667    19.801979    19.342770    18.670813     0.755806     0.959237
    6.493563     6.387451     6.574369     7.751510    16.844961    16.781534    18.317125    18.222022    -2.183835    -1.223985
   12.780849    10.774213    13.052653    11.689210    20.506797    19.519048    20.616772    19.518800     1.361226     0.255486
   10.271611    10.441769    10.638881    10.822404    19.791313    19.055229    18.440465    18.399682     0.541308    -0.007588
   11.836769    10.569273    11.126499    11.502221    19.883598    19.889493    19.547808    19.728451     0.311332    -0.050736
    8.222051     9.243630     9.921749     9.116592    18.081942    19.257573    19.362158    18.408230    -1.100719    -0.432122
   10.529092    10.408272    10.763354     9.759369    21.745241    19.802794    19.361759    19.448177     1.367904     1.002798
   10.328991     8.859635     9.415511    10.737812    17.101217    18.794516    18.741142    17.796197    -0.310678    -0.674264
   11.320509    11.754211    11.175648    12.028619    21.229684    20.615068    20.625010    20.993774     0.747870     0.592360
    7.889679     8.844191     7.001573     6.488004    20.435294    23.475373    22.283445    20.790330    -1.388780    -1.069164
    8.250408     7.837385     7.196791     8.281268    19.759268    19.681373    19.278063    21.063009    -1.328139    -0.216565
    5.233849     5.180751     5.864608     7.131669    19.679809    18.819322    18.028348    18.882856    -1.990868    -2.848989
    9.665120     8.756920     9.794132     9.442653    19.583953    19.187155    20.926962    19.793209    -0.325498     0.500770
   10.048856    12.995939    11.314770     9.979570    19.282380    19.612670    19.483411    19.226330    -0.870963    -1.232810
   11.128174    10.427837    10.453675    11.814315    21.047881    20.632391    21.328367    21.217869     0.253505     0.551828
   11.519051    10.720069     9.914083    11.404150    19.302808    20.771403    18.881138    19.203708    -0.195346     0.369569
   10.241185     9.529243    10.809522    10.860553    19.614753    20.306594    20.000030    22.417344    -0.227428     0.101065
   10.726191    11.446150    11.692209    11.264687    21.807800    22.309446    21.153577    21.553373     0.378007     0.691019
    9.327770     9.527047     9.088485     8.691361    18.275751    18.396630    17.550979    17.555855    -0.934698    -1.022611
   13.767153    12.995636    13.949303    13.421664    20.618818    19.580633    19.630236    19.503069     0.826181     0.384979
    9.687883    10.227742    10.599002     9.807486    19.756052    20.227717    19.582502    19.433643    -1.279025    -2.140197
    6.477217     6.841835     8.330133     8.878169    18.690985    18.676190    17.853159    17.650813    -0.486076    -0.736386
   11.794916    10.895893     9.995636     9.521978    24.010200    21.115764    20.479596    21.493120     1.441475     0.327455
   13.082178    12.620848    12.124020    11.312091    22.124746    23.934651    22.499231    20.814330     0.488309     0.002678
   10.596814     9.774619    10.516478    10.573660    21.103154    20.908813    21.109051    20.795839     0.407014    -0.638502
    9.734396    10.382831     9.515914     9.171680    20.611823    19.934354    21.825776    22.168456     0.262540    -0.022398
   10.596273     9.677237    10.418108    11.424499    20.489139    19.535014    20.661213    20.880029    -1.491727    -1.616893
    8.942649     8.534314     8.857921     9.798284    17.466683    18.197141    19.877063    19.453771    -0.818224    -1.143899
   11.086648    10.124895    10.149272    10.069632    21.835660    20.526451    22.200554    20.828112     0.175294     0.095194
   10.691096    11.659853    12.541508    13.715441    20.412085    20.556961    21.632554    21.276035     0.250440     0.040304
   10.050877     9.813124     8.723232    10.296513    20.133666    20.655551    19.861338    20.754649     1.400524     1.310774
    9.495426     8.283651     9.228842     9.587787    17.745247    18.956603    18.901539    17.983989    -0.453271    -1.043278
   10.194062     8.348920     8.550782    10.365176    20.757584    21.359018    20.761468    18.742207     0.453602     0.876200
   11.433652     9.934365    10.430460    11.863249    21.425075    22.312973    22.320573    22.264784     1.475627     1.840893
   13.188646    13.436698    12.093399    11.660199    20.748514    21.783077    22.617134    23.311098     0.834832     0.538789
   10.685111     9.750484     9.710833    10.037778    19.744082    20.604913    20.435445    19.161749    -0.251990    -0.949200
    9.188587     8.415585    10.380998    11.386195    19.194948    17.961389    18.563626    18.152628     1.791374     1.865877
   10.429032    11.462366    11.016057    10.440632    21.365289    21.034109    20.673764    21.028427     1.428547     1.144593
   10.789869    11.049293    11.374878    10.625524    22.204810    23.581856    22.593701    22.328275     2.226108     2.735107
    9.923261    12.041732    12.298722    10.623327    22.979277    21.206409    22.720802    22.684174     1.162117     0.007435
    9.256740     8.346976     9.026824     8.914319    19.693280    18.336675    18.124580    17.895808    -0.007208     0.185270
   11.971867    11.761094    11.729906    12.674670    22.824884    22.363404    23.536766    24.090404     0.097965     0.147178
    9.490055    12.239813    12.452168    11.400131    20.941625    19.444098    20.864552    21.134909     0.918219     1.209172
    5.439465     5.480998     6.625097     7.243239    18.081785    17.153411    16.749404    17.129684    -1.712451    -1.485346
   10.349839    11.079137    10.892636    10.216930    20.983139    19.652915    20.458733    18.787877     1.179535     1.095588
   10.146938    11.456906    11.035903    12.072122    20.415385    19.576420    19.387744    19.886416     1.148319     0.623227
   11.225515    12.963731    12.999167    12.312842    22.119591    22.527037    21.751305    21.814172     1.705623     1.613822
   10.949829    10.707125    11.022480    11.476692    18.710228    18.882093    19.183733    17.689040     0.333965     0.079432
   12.168539    11.006873    11.837634    13.224014    19.688082    19.996068    21.702991    21.967845     1.462926     1.652424
   11.629474    11.573703    12.018144    11.411092    21.964471    20.382764    20.686374    20.317604    -0.207655    -0.294053
    8.240632     8.460827     7.361347     6.739387    21.001815    20.876615    22.160551    22.367085    -0.477187    -0.045996
    9.558670     9.333183     9.518293    10.281376    19.341074    18.198442    20.075139    21.207894    -0.312807     0.976569
    9.751271    10.680643    10.246169     9.247369    22.866755    23.964884    22.512540    22.632112     0.332402     0.577817
    8.498896     8.431363     7.503498     8.282889    18.338095    18.059853    16.699781    16.131630    -0.554472    -0.117893
    9.915228     8.952411     8.987009     6.608410    19.632346    19.926730    20.011922    19.732153    -0.061425     0.519352
   11.057024    10.493222    10.615530    10.056402    22.313867    21.207836    21.050438    21.012695     0.618294     0.096753
    9.117591    10.085204    10.481708    11.701599    19.596420    19.726706    20.541118    21.054005     0.250513    -0.377804
    9.115158     7.889842     6.644874     8.375682    18.984810    18.679849    17.994464    16.866606    -0.647306    -0.645692
   11.751344    12.602307    12.599570    13.165556    21.750733    21.901367    22.028985    21.445595     0.955157    -0.258347
    9.261123     7.743923     7.824436     8.585620    20.634141    21.090940    21.175553    20.846924    -1.934931    -2.131358
    9.206632     9.991955     8.751276     8.070823    19.031795    18.542036    16.687568    18.399195     1.234036     0.782932
   12.044391    11.661517    12.595567    12.614291    18.873210    19.270163    17.590217    19.141613     1.012875     1.092042
   12.474248    13.777174    13.680518    15.286309    22.323482    21.760282    23.744690    24.412279     0.985423     0.650820
   13.010446    11.347844     9.664003    11.954581    19.163873    18.002422    18.067091    18.143799     0.347650     0.593235
    9.414247     9.841446     9.362032     9.215013    17.558624    20.199583    20.871104    20.028877    -1.371341    -1.548880
   10.867016     9.397496    11.209074    10.553252    19.604565    19.434373    19.890973    19.941090    -0.605227    -0.930538
   12.471454    13.149525    12.793581    12.227223    21.141877    21.170700    21.386400    22.268085     0.947243     1.293608
    8.704289     9.051952     9.702004     9.850051    19.014490    19.050776    18.775272    18.692738    -0.949844    -0.074603
    9.887960     9.121496     8.698349    10.744895    21.752905    23.068936    22.227301    21.945419     0.699071    -0.259690
    8.892615    10.021898     9.129519     7.810961    21.173468    21.239175    20.996735    19.793911     0.680293    -0.442195
   11.575144    12.005275    11.226719    10.827502    21.137343    20.310809    20.898365    20.261884     0.862442     0.670653
   11.212693    10.370845    10.604902     9.942341    21.146419    20.767376    19.203520    17.917837     0.320610     0.104013
   10.125484    10.910485    12.318460    10.742314    20.129681    21.553610    21.134928    20.647053    -1.028028    -1.730357
   10.126335     9.233050    10.336256     8.914643    18.985665    19.710903    20.000577    19.741746     0.527464     0.114309
    7.967725     7.886728     8.772443     9.859291    20.184694    18.337792    19.618981    22.019217    -0.452350     0.743457
   12.329040    12.656345     9.630429     9.152008    23.628629    21.280535    21.033886    22.535412     1.379976    -0.506642
    7.206627     7.555122     6.582701     7.169508    16.748254    16.211578    17.164328    15.720922    -0.894670    -0.185770
   11.238523    11.191915     9.475652    11.013740    20.164181    20.166269    20.681534    19.283727     0.461637    -0.202271
    9.007339    10.285863     9.394756     9.202592    18.404582    19.611450    19.353443    19.627783    -0.784382    -0.687635
    6.301671     5.272048     6.688057     9.311033    18.681011    18.657607    20.167436    21.118959    -1.614614    -1.442710
    9.713459     9.598164     9.863728     8.899562    20.006301    17.856272    17.232730    15.962187    -0.797612    -0.481843
    8.583746     7.766173     8.299627     8.355810    17.537161    18.475165    19.172362    19.050067    -1.283913    -1.151087
    9.259191    10.203173    10.464970    10.774864    19.656835    19.681826    19.191854    20.335160     0.071867     0.068936
   11.164584    11.185662    10.684348    12.299833    21.870563    21.145450    21.419058    21.459883     0.161801    -0.183361
   10.899006    11.253696    12.029857    10.847280    20.605337    21.088001    20.621375    20.189274    -0.368303     0.250357
    9.151741     8.795970     9.907588     8.888941    19.209034    19.561483    17.110823    15.934811    -0.542283    -0.312027
   12.666911    12.093449    12.218548    10.525593    19.970701    20.619157    18.629894    18.925559     1.031212     1.038072
   12.060787    12.832943    12.515719    11.561094    23.129849    23.187220    21.901962    21.578271     0.572821     0.284559
   10.995744    10.573566    10.532434     9.978692    19.734869    19.582266    19.740086    19.125589     1.082696     2.061826
    7.751238     9.232468    10.146274     8.488823    19.094678    17.578146    17.061706    18.761135     0.130145    -0.039343
    8.698014    10.406370    10.003511     9.797098    19.985084    20.311877    21.342403    20.916433    -1.300503    -1.155559
    7.573605     9.225640     7.543398     7.203545    19.567257    18.611958    20.032021    22.742935    -0.780711    -0.694684
    8.951432    10.791381     9.272362     9.948283    19.787572    19.519412    20.527991    20.690810    -1.412402    -0.781455
    9.368380    11.035887    10.967766    11.465521    19.330215    20.133817    21.008148    18.681381     0.452866     0.736397
    8.906170     8.686081     8.161809     7.562406    19.098769    18.620061    20.221905    19.730825    -1.439803    -0.916988
    9.639743     9.894474    10.526510     8.614113    19.983071    20.031035    19.953364    20.308208    -0.395246     0.205058
   10.098190    10.900836    12.129801    12.512423    20.694749    21.017377    20.576491    21.569373    -0.590444    -0.801881
   13.064573    11.732713    11.046493    12.380352    20.518769    20.965778    19.180126    18.514752     1.789720     1.552862
   10.925995    12.666670    10.264459     9.625009    19.004189    19.408249    18.883264    17.426435    -1.259192    -1.911767
    8.526911     7.380513     9.204628     8.544914    18.403284    18.778695    18.413752    19.014541    -0.515810    -0.481790
   10.872513    10.026777    11.478308    10.934843    20.853029    20.577151    20.570755    19.818411     0.036846    -0.784581
    9.726492     9.072258     9.695170     8.780807    20.371441    20.472529    20.878916    20.107706    -1.694357    -1.411305
   10.641089    10.912903     9.989448     9.319006    19.247593    19.143648    18.302679    17.976816    -0.660467    -0.958133
    9.188356    10.535187     9.271048     8.717430    21.644225    20.806448    20.078910    19.752917     0.725887     0.841080
    8.815403     8.519392     9.061269    11.571459    20.676266    20.198496    19.692014    21.612922    -0.397912    -0.397086
   11.177433    12.153802    11.475033    10.654150    21.104269    21.302231    20.929956    19.296245     1.172210     0.604030
    9.000801     9.052993    10.218937     9.944111    20.538536    20.997611    19.746372    19.449958    -0.279569    -0.271757
    8.889320     8.974008     9.667842    10.425466    19.949395    19.858470    22.446289    21.270823    -0.504935     0.165409
   11.020116    11.258495    11.339005    10.722584    20.594076    23.025701    21.757004    20.898905     1.452280     1.746159
   10.744228     9.486372     9.289294     8.958475    19.732672    19.977436    20.210711    19.751670     0.628826     0.698346
   13.575042    13.842445    13.485396    12.872220    22.311826    21.149325    19.928158    21.148579     2.657909     1.920996
   10.174446    10.272672    10.286926    10.892934    19.526072    19.644309    21.893709    20.228301     0.632994     1.196135
   10.256157    11.381099    12.193002    10.939419    21.029410    19.955724    21.617229    21.695671    -0.775624    -0.014823
    9.693396     9.439464    10.131370     8.489263    21.645413    20.628284    21.877113    20.022346    -0.317745    -0.943470
    8.921062    10.437060    11.158409    10.069738    19.637952    20.506204    19.841672    21.076777    -1.261884    -0.978727
    7.459308     7.577139     9.321992     8.149823    18.088831    17.517076    16.597564    17.460545    -0.412546    -0.530137
    8.877166     8.263040     9.489067     8.547871    19.740117    20.035536    19.937829    21.017863    -0.735163    -0.268679
    8.902215     7.112570     6.229265     6.434865    19.109884    17.825311    19.252234    17.939966     0.295449     0.673776
    9.135936     9.000562     9.419171     9.962739    17.463533    18.607679    17.317636    18.987057    -0.004501     0.038011
   10.319767    10.861978    10.804676    11.496118    22.292123    22.295368    22.965964    22.913849     1.227100     0.815299
   12.890030    11.339403    11.831928    11.585165    21.656673    22.703293    21.744335    21.075284     1.435551     1.760145
   10.663247     9.949128    10.275260    10.039172    21.787694    22.081753    21.550463    20.975189     0.924787     0.370103
    9.410048    10.618492     9.246868     9.668998    19.507974    18.379446    19.489642    18.918281    -0.979494    -1.069793
   11.624943    12.048338    12.336333    12.476830    22.007699    22.166716    22.211702    20.704670    -0.860596    -1.323244
    9.630651     8.766379     7.218225     8.010821    17.704828    17.843272    16.369619    18.141138    -0.680555    -0.373724
   12.058629    13.104113    11.768697     9.946898    21.968143    21.395532    21.036595    20.119039     0.980569     0.277814
    7.464603     6.644117     7.117316     8.499170    19.710605    20.406114    19.977040    20.756027    -1.554715    -1.806752
    9.734375    11.652286    11.033597    10.889396    20.215138    21.868054    21.152828    21.506652     0.015216    -1.025018
   11.022942    11.294506    12.319380    11.531872    17.778472    17.945454    18.237028    18.058650    -0.171721    -0.900876
    8.304290     9.701923     9.790760     9.022768    18.377973    20.214823    18.754080    19.299739    -0.922824    -1.031025
   11.942961    11.525536    11.313142    10.589755    20.360435    21.389447    20.410395    20.663749     0.455779    -0.174083
   10.468601    10.934097    11.418351    10.693984    21.515517    20.696638    20.346211    21.536629     1.098094     1.781446
    7.230787     7.567094     7.792844     7.867337    20.320066    20.836406    19.399590    18.532105     0.240367     0.644903
   11.793302    11.912080    12.039024    11.229455    20.973793    21.979378    21.908338    21.586035     0.162999     0.877426
    8.778168     9.222587    10.380445    10.962023    21.971682    21.600817    22.551610    22.585695     0.256505    -0.588907
   11.154012    11.961765    11.222859    12.000435    19.124788    19.162702    17.557595    19.204065     0.144183     0.391883
   14.201390    12.681914    12.999470    14.224197    20.540065    21.699717    22.963435    24.753581     3.260392     2.773052
    8.845811     8.463487     9.061376    10.983826    19.219397    20.659924    20.094191    20.057073     1.037639     2.188424
   13.904960    13.605871    13.544918    11.837126    21.750536    22.660697    21.820960    21.558359     1.493299     1.306186
   10.618260    10.110229    10.498586    10.655209    19.516729    18.569277    18.142440    19.143538     0.734046     0.304736
    9.243778     8.617768     9.467632     8.946135    19.267812    17.612422    17.542677    18.682118    -0.644470    -0.252498
    7.639346     9.788054     9.417218    12.682235    17.573038    21.439702    22.069484    20.725260    -1.318453    -1.544662
   10.562435    11.524099    11.258705    10.014365    18.859071    20.631052    20.847662    20.421061     1.764692     1.247600
   11.087881    10.875947    10.439351    10.834894    20.493820    20.959783    19.869919    19.737990     1.078848     1.329475
    8.678535     9.432048    10.039431     8.875967    19.137666    19.336437    19.425090    20.880372     0.019745     0.150297
   10.582825    11.116871     9.720173     8.955744    20.500215    19.511306    18.918023    18.505766     0.188950    -0.048144
    8.469812     7.847397     6.903272     6.781291    17.934302    16.686784    17.675095    17.625356    -2.053198    -0.718357
    7.451390     8.291701     8.353474     7.914859    19.284557    18.159549    18.560467    19.275637    -0.827557    -0.930079
    9.131632     9.884785    12.216687    12.272298    19.132711    18.778587    18.342995    18.368141     0.029788    -0.800850
    7.890119     9.065050    10.622073    11.222430    22.257384    22.337296    21.165499    21.018482     0.169156     0.517828
   11.962243    11.832704    10.890156    11.466582    20.931902    21.143734    20.199035    20.319898     1.227739     0.551209
    8.254191     8.311462     6.627180     7.722694    16.576448    17.124940    15.809449    18.467281    -1.301904    -1.756367
    7.849658     8.557384     7.344981     7.456436    20.451266    19.667573    20.444237    20.202431    -0.827981    -0.435673
    9.753396     9.919327    10.135551    10.380897    21.494848    20.462538    21.776587    19.417240    -0.114475    -0.495218
   10.445362     9.095664    11.987434    11.090021    22.421018    22.672723    23.353283    23.159210     1.111699     1.220398
    8.984754    10.240659     8.696836     7.956897    21.867443    19.545631    20.066493    19.929337     0.246820     0.959563
   10.376937    10.264451     9.737576     8.664284    19.092281    17.969532    18.361390    17.912817     0.886602     0.881039
   10.848387     9.429847     9.263858     7.186525    17.641798    17.859345    17.936915    16.732349     0.162796     0.660265
   10.491862    10.136830     8.898883     8.812877    21.111995    20.017405    19.278372    19.486820     0.162676     0.378265
