    1.331153     4.063632     1.828194     3.543578     0.245724     5.074406    -1.592631     5.569129    -0.776105     4.855637     0.263234     0.000000
    2.254889     3.465836     2.137090     3.105754     2.817410     1.725574     1.736261     0.847188     3.003505    -0.486396    -1.516110     1.000000
    1.338438     4.761251     2.369265     4.982792     1.533935     5.567475     0.391766     5.527572     2.030946     4.727815     0.488546     0.000000
    1.326179     4.133617     1.086274     4.144921     1.878082     3.448923     1.953832     3.514246     2.809907     2.959171     1.993534     0.000000
    0.358829     5.815099    -0.535423     4.452344    -0.314546     5.045022    -1.745422     7.001974    -0.599724     7.454728    -0.335688     1.000000
    2.105633     1.896002     3.371907     2.868975     2.518922     3.389752     2.312437     2.266917     3.627477     0.809973    -1.091848     0.000000
    2.881847     2.292005     0.969485     2.191799    -0.789302     2.966821    -0.654541     3.536497     0.891838     3.430822    -0.634696     1.000000
   -0.033664     5.609605     2.305695     2.479595     2.731714     2.026690     1.025721     2.822416     1.252277     2.975972    -0.802296     1.000000
    3.166462     2.185883     3.122015     3.045971     0.572016     5.826493    -0.022473     7.074886     2.409062     4.507217     0.661282     1.000000
   -0.540939     4.868890    -0.594778     5.043317    -0.561279     1.833229     0.883941     0.810629    -0.641553     2.259801     0.652995     1.000000
    0.239551     2.416252     0.912274     2.593136     1.284057     3.315913     0.714960     3.275472     0.269624     4.102148     1.332677     1.000000
    1.487909     3.545776     1.657768     1.739357     0.240950     4.007358     0.787496     3.680996     2.213941     2.331161    -0.837983     0.000000
   -0.989572     1.767516     0.745256     0.914070     1.911339     0.352676     1.943560     1.666174     0.339343     0.406574     1.578119     1.000000
    3.004067     2.050827     2.582585     1.389497     0.938395     3.156804     0.791407     3.184795     0.894809     4.427913     0.752650     1.000000
    0.685990     5.216033    -0.006431     5.734258     0.255645     4.840633     0.837346     4.704377     1.792667     4.245960    -0.046402     1.000000
    1.657911     4.294164     2.560588     2.201441     0.569756     2.681179     1.521430     1.526443     2.242256     0.733877     0.398426     0.000000
    2.468305     1.415229     2.819356     2.247971     0.607454     3.563364     0.327936     3.670579     0.531355     4.666357    -0.397982     1.000000
    2.147790     3.117968     1.587953     4.269257     3.279325     4.743310     2.521390     4.941936     1.215646     5.402189     1.690114     0.000000
    2.069402     1.681248     1.718166     2.751728     1.861131     0.022474     1.131142     1.688964     2.762365     1.165430    -0.511263     0.000000
    1.103465     0.701056     1.657882    -0.203099     2.379624    -1.416647     2.584356     0.307612     2.377225     0.680579    -2.426727     1.000000
    1.972237     0.928581     0.200262     1.678546     0.832758    -0.096190     0.779922    -1.052951     2.048650     0.325999    -0.073556     0.000000
   -0.965101     4.523762     0.164484     3.890425     0.363009     3.809503     1.867112     3.876250     1.524883     4.145533    -1.225681     1.000000
    3.511270     2.701634     4.446166     0.555089     1.759641     2.200426     3.567723     1.773548     2.945416     2.347946    -1.234544     1.000000
    1.073163     3.924463     0.467599     5.314452    -0.287421     6.433690     1.060015     4.502347     1.055128     5.218370     0.820201     0.000000
   -1.657425     1.704410    -1.734243     2.761529    -0.514827     2.085241    -0.399937     2.079218    -0.557645     2.503325    -1.217875     1.000000
    0.304822     2.372400    -0.642079     1.244400     2.083616     0.371906     0.968364     2.236233     0.709837     3.548658    -0.519370     1.000000
   -0.258663     3.128342     0.907590     2.993207     1.920860     3.630788     2.213566     3.452052     1.716540     2.729755     0.551293     0.000000
   -1.547207     3.100043    -0.818668     1.886711    -0.775064     3.526162    -0.176626     3.323007     0.313074     3.097233    -0.919387     1.000000
    2.328424     4.565519     4.104822     3.635969     2.538285     3.786798     2.797726     3.445104     3.218931     2.696485     2.112905     0.000000
    2.418111     3.474166     1.387877     3.666069     3.336361     3.180409     2.068602     5.073765     2.178538     4.576066     0.737508     1.000000
    2.048819     3.468634     1.596266     4.960636     1.888188     3.081021     2.899985     1.221251     1.543513     3.718578    -1.216999     0.000000
   -0.246495     1.539162    -0.326611     1.874734     1.101885    -0.147854     0.836644     1.658035    -0.914285     1.454487    -1.336825     1.000000
    1.162025     1.636899     0.343516     2.751845    -1.637306     2.419522     0.983211     0.286712    -0.324567     1.401604     0.177774     1.000000
    1.460731     2.395086     0.682693     3.622428     1.624629     3.587693     0.895158     4.590843     0.890934     3.147196    -2.155695     1.000000
    0.589202     3.369505     1.314186     3.208320     1.363372     1.275581     1.224206     1.487175     0.607283     0.935867    -0.356389     0.000000
    1.403190     0.168333    -0.000477     0.960701     0.287052    -0.221264    -0.422756     0.320020     0.597504    -0.424934    -1.667765     1.000000
    0.762584     5.286598     0.856595     4.955787     0.859529     4.443577     0.825110     5.315695     1.984296     3.088775    -0.925732     1.000000
    3.175179     0.969305     1.862347     1.090082     2.613850     1.595405     2.340403     2.443689     1.852788     3.408076    -0.080716     0.000000
    3.417653     3.326585     2.851240     2.115877     1.817267     2.201994     1.684945     3.262475     5.076103     2.500298     0.044474     0.000000
   -1.139240     3.838833    -0.920293     4.215289     0.253898     3.172696    -1.108927     4.252241    -0.962050     6.436558    -1.120154     0.000000
    1.001787     1.596955     0.541208     1.176003     0.749958     0.463843     0.827634     1.881362     2.465771     1.921681     0.120391     1.000000
    3.429040     1.561851     2.258358     1.570182     1.774960     1.684410     3.105048     0.091544     2.195095     2.189881     0.115520     1.000000
   -1.944172     4.941956    -0.227461     3.677325     0.813028     4.534860    -0.380345     5.388328     0.516817     3.761881    -2.086114     1.000000
   -1.120781     4.700575     0.592272     5.198079    -0.317536     5.907197    -0.597820     4.544013    -0.993550     5.125337    -0.510605     0.000000
    0.068793     3.018556     0.730514     3.088479     1.512619     1.939069     1.381868     0.385514     0.627290     2.065313    -0.362146     1.000000
   -1.461962     3.394401    -0.540898     1.810426     0.335932     3.137362     1.467252     2.515276     0.777117     3.285645     1.664053     1.000000
    3.735087     2.277126     2.692096     2.067287     1.115678     2.308076     0.236027     3.768685     1.007783     4.100742    -1.769226     0.000000
    2.517846     1.621132     1.336819     1.382035     2.869095     3.934970     1.250556     4.841821     3.543499     2.709291     0.401618     1.000000
    1.682680     4.795110     3.065395     3.419899     2.528344     3.570931     3.226774     2.709204     2.911289     3.287995     0.073830     0.000000
   -0.437131     3.112307    -0.357549     3.429816     1.137227     2.842233     2.799581     2.429835     0.614025     5.005279    -0.535221     1.000000
    0.912809     2.812738     0.365622     4.841448     1.218316     3.941146     1.127135     4.381630     0.353942     5.315416    -1.401560     1.000000
    0.832416     2.904329     2.945162     1.437886     3.002495     0.625575     1.037550     2.385709     2.100275     1.219042    -0.840246     0.000000
    3.524243     0.441569     2.906100    -0.935298     2.445182     0.519542    -0.251417     3.891646     3.406661     2.547111     1.065841     1.000000
    0.446893     2.963633     1.640032     2.777536     2.807368     2.704335     3.641578     2.641666     1.081779     3.336476     2.125544     0.000000
    1.696632     2.191040     1.679261     2.619455     1.260246     1.993489    -0.737488     3.236477    -1.542900     2.446100     0.128505     1.000000
   -1.145392     4.828939    -0.993881     7.505751    -0.505885     6.728437    -1.431006     5.906756    -1.659338     5.652646     2.327880     0.000000
    5.103113     0.612788     3.698992     0.645535     4.597980     0.082915     4.179313     0.868337     3.476443     1.198375     1.547508     0.000000
    1.704576     2.349361     2.445786     1.964417     2.296563     1.106279     2.140108     2.738370     1.909814     1.912693    -1.035505     1.000000
    0.478816     2.383679     1.214980     3.526107     2.011585     3.803277     2.234141     4.757595     1.319161     2.716606    -0.572829     1.000000
   -1.656494     6.093605     0.051898     5.302723     0.302773     4.052072     0.213994     4.040118     0.254946     3.783361     1.526221     1.000000
    0.749646     4.630365     0.598929     4.435828     3.361262     2.047816     0.143370     3.601394     0.288326     2.036399    -1.529061     1.000000
    1.399052     2.997098     0.869190     3.204393     1.459090     1.926794     1.137977     1.414704     2.428015    -0.857107    -0.550287     1.000000
    1.998104     1.813336     1.643548     2.515511     1.890256     2.349250     3.354017     1.294579     4.442623     1.297712    -0.245198     0.000000
   -0.911563     3.724276     1.073571     3.686577    -0.372991     3.447076     0.244060     1.793585    -0.186669     1.790937    -1.156277     1.000000
    1.408805     5.187531     1.249562     4.282801     3.469699     3.302592     2.379927     2.453351     2.334539     5.134945     2.462697     0.000000
    1.577879     3.215253     2.374876     3.416205     1.486279     4.720195     1.176108     4.657419     0.256962     3.376704    -0.001156     1.000000
   -1.451855     3.192065     0.408647     2.319922     1.937297     2.459081     0.369598     4.060484    -0.862381     3.524133     2.286604     0.000000
   -1.543793     1.901315    -0.734326     1.176546    -0.237607     1.356681    -1.305388     2.693952    -2.203216     3.057670    -1.952619     1.000000
    1.388042     0.644320     3.032750    -0.549956     2.343260     0.736612     1.799986     2.567071     1.815176     2.338561    -0.562931     1.000000
   -1.556492     5.961724    -2.693716     7.022732    -1.102547     6.330818    -2.114163     4.403435    -2.164106     4.547815    -0.752255     1.000000
   -1.807019     3.339892    -0.285928     3.138100    -1.525787     3.371176    -0.176326     1.676010    -1.070806     2.021814    -1.204153     1.000000
    0.110258     4.370801     0.344277     5.837718     1.178910     3.695937     2.267579     1.993393     1.535855     2.886682    -2.180305     0.000000
    3.007066     0.592052     3.181140     2.194272     2.507199     2.767725     2.424192     4.264482     2.626658     3.825181    -0.938692     0.000000
   -0.442100     3.206728    -0.011513     1.833485     2.422866     0.498357     1.042092     1.078340    -0.128962     1.564676    -0.341333     1.000000
    0.475815     2.809771     0.270394     3.854056     1.509919     1.000083    -0.232066     3.476595    -0.289026     4.482285    -0.338315     1.000000
    3.209763     2.274345     2.024076     3.551804     3.713882     2.935157     3.543351     2.338107     2.728402     3.692457     1.258512     1.000000
   -0.088542     1.364397    -0.349007     0.832021    -0.562550     2.257293     0.466789     2.180499     2.234580     1.291496     0.020680     0.000000
    4.102178     2.859588     2.376675     2.007936     1.738918     2.469591     2.492249     2.347133     3.507524     3.012965     1.362806     0.000000
    0.564125     2.774123     2.579123     1.791521     2.694520     0.670444     1.200440     2.378906     0.497164     4.007596    -0.918475     0.000000
    1.257960     4.914255     0.614348     5.498270     2.343169     3.264738     2.209785     1.674962     2.329029     2.608197    -0.707666     0.000000
    1.839555     3.582867     2.378791     2.272171     3.477616     2.910072     4.225253     3.278542     3.084212     2.866874     1.742826     0.000000
   -2.277946     3.332597    -1.607087     2.193229    -0.192119     3.183978    -0.801032     3.647582     1.243866     2.640232     0.362894     1.000000
    2.546746     1.954177     2.015254     2.746029     1.976654     1.884458     1.910149     3.495327     3.070570     2.313815     0.260283     0.000000
    3.558055     1.727671     2.176182     0.532973     1.431533     2.146175     2.295844     2.368908     2.048509     2.637642     0.203192     0.000000
   -0.710436     3.113938    -0.516953     1.676643    -2.510180     3.975639     0.601326     3.680910     1.780673     3.352600     0.705261     0.000000
    0.653853     2.376292     1.440067     1.750983     2.553708     3.077379     2.513767     2.929595     3.566068     2.331517    -1.350581     1.000000
   -1.714072     3.079671    -1.800081     3.869471     0.209735     1.255688    -1.317553     1.589890    -1.476561     1.828920     0.662294     1.000000
    0.764385     3.440671     0.114625     3.968133     0.009937     2.366062     1.469828     2.567015     0.813137     2.799435    -0.468513     1.000000
    1.831153     3.758701     1.785241     1.536706     2.174286    -0.231837     1.161315     0.552616     0.892858    -0.010738     0.334373     0.000000
    0.618948     0.251950     0.403309     2.684410     0.590810     0.125031     1.989075    -1.181702     1.551605    -0.295565    -3.029758     1.000000
    2.796382     5.133049     4.965849     5.037893     3.252816     4.941744     4.607788     3.025531     3.282825     2.751954     2.215051     0.000000
    1.609930     0.907791     2.415339    -0.188217     0.064019     3.127853    -1.423156     3.672004     0.369428     2.959668     0.327919     1.000000
    0.518479     2.267937     0.107597     1.930670     0.233205     2.264903     0.552141     2.716565     0.706987     3.531280    -0.861779     1.000000
    0.022412     3.772688     0.748234     5.120568     0.017424     4.617646    -0.342429     4.956947    -0.700555     5.177602     0.269109     0.000000
    0.629440     2.430792    -0.296423     2.304988     0.523215     1.753637    -0.307111     3.829807     0.797401     5.736854    -0.456382     0.000000
    0.338555     3.014929     1.884645     2.715854     2.659870     3.149938     2.170822     2.464281     2.096696     3.666154     1.038280     0.000000
    0.686872     3.812665     0.847946     2.786249    -0.717944     3.088973    -0.393998     2.685830     0.246580     2.628145     0.110981     1.000000
    0.552744     4.175313     1.978149     3.526624     2.351148     1.993766     3.820345     2.387933     2.797679     1.508865    -2.159282     1.000000
    2.196907     4.378640     2.585610     3.218816     1.498466     3.393215     3.779186     1.563856     3.445143     4.010633     0.304942     1.000000
    3.103520     2.812326     3.094455     2.621412     1.297156     1.621725     1.030714     1.903398     1.342888     0.765258     0.255054     0.000000
   -2.082558     3.551217    -1.003407     1.601219     0.599869     1.473026    -0.348524     3.220713    -0.926949     2.030685    -2.230705     1.000000
    2.598736     2.756221     0.424515     4.647050     1.420026     4.423662     2.256672     3.717195     1.839141     4.166833     0.261112     0.000000
    3.569691    -1.357234     2.791285     0.028939     2.869756     0.234045     1.408845     2.061961     1.574191     1.079473    -1.111001     0.000000
    1.970104     1.191154     2.417844     1.300271     1.633897     3.164694     2.773870     1.978012     2.160442     2.027855    -1.556791     0.000000
    1.372270     1.398891     2.621818     2.492830     1.282166     1.032627     2.383620     1.187044     0.833581     3.043349     2.098547     0.000000
    1.716349     1.015170    -0.684519     3.993591     0.682879     4.789895     1.092367     3.167180     2.287778     3.857421     0.596412     0.000000
    0.832781     4.731149     0.879508     5.454136     1.839924     4.259534     1.870996     4.598822     2.026153     4.939507     0.944834     0.000000
    0.964121     2.447069     2.008672     1.048182     1.970403     0.888825     1.007164     2.026402     2.333372     1.985458     2.001284     0.000000
    1.477559     3.528907     1.167565     4.348692    -0.802942     4.250151    -0.255316     4.559084    -0.660492     4.914959     0.540157     0.000000
    1.677809     2.972555     1.321326     1.625772     3.597725     1.243393     0.838706     2.504409     0.995753     2.981196    -1.009938     0.000000
   -0.165328     4.937259     0.284046     3.597527    -0.478683     4.845014    -0.071801     4.084080    -0.472457     4.239930    -0.063377     0.000000
    1.438299     3.068849     0.444307     3.002236     1.649755     1.430019     1.370619     1.445715     2.016114     1.420602    -0.554173     0.000000
   -0.619522     2.997741     1.043505     3.424796     0.918499     3.360193     3.188195     1.683037     1.487074     2.688717    -1.124933     1.000000
    3.150787     1.511549     1.907211     1.017533     1.852351     2.170989     2.541557     2.800549     3.124503     2.728616    -0.535024     1.000000
    1.294820     2.542195    -0.373971     4.682591     0.137741     3.467370     1.150176     3.016477     0.802859     3.495078    -0.008810     0.000000
   -0.133065     3.775875    -0.598982     3.983391    -1.639804     5.101623    -0.163114     4.722520    -1.745776     5.993028     0.283130     1.000000
    0.831283     2.056613     0.217133     2.083194    -0.223566     2.092862    -0.479373     2.463097     0.652753     1.861822    -0.462330     1.000000
   -0.077115     1.553436     0.085776     1.429518    -0.335897     1.703634     1.739001     1.419159    -0.522908     1.857432    -0.455818     1.000000
    1.678084     2.825111    -0.100389     6.095371     0.553328     4.903095     1.333672     4.239670     2.793864     2.419459     0.535860     0.000000
    0.200186     2.864370     1.419647     1.295362     0.890711     1.211661     1.852896     1.486960    -0.394527     2.826049    -1.951451     1.000000
   -0.023473     2.659395    -0.484155     3.803281    -0.881433     3.761999    -1.436774     4.258063    -0.750772     3.069758     2.083618     1.000000
   -0.002594     4.822601    -0.313600     5.773163     0.087998     4.219466    -1.859409     4.662858    -0.206538     3.413757    -0.508809     1.000000
    5.100231     3.700910     2.901142     4.094893     3.652101     3.748205     1.409651     3.721398     1.800075     2.935252     2.432509     0.000000
    1.533409     3.755204     0.724255     3.280729     0.706708     2.620517     1.951807     1.359807     1.337316     0.991554    -1.568961     0.000000
    2.613529     0.912328     2.445982     0.707099     3.075754     0.847821     3.230049     1.028002     3.932548     2.428506     1.459991     1.000000
   -0.202896     2.740840     1.553566     2.386080     2.419675     3.663326     1.987522     3.355138     0.963240     3.217340     0.435108     0.000000
    0.346978     2.676609    -0.383125     2.323219     0.371844     1.146031    -0.447371     0.564755    -0.340942     1.983988     1.291541     1.000000
    1.485453     2.787598     1.059117     2.726168     1.780315     2.411672     1.157553     2.014344     2.610199     0.386480     0.583959     1.000000
    2.212794     5.272416     2.599868     3.191525     2.230788     3.689955     0.586082     2.573565     1.591010     2.988428     1.616735     0.000000
    1.784680     2.164807     0.764408     2.596925    -0.610619     3.017843     2.595991     1.465597     2.684475     1.523452    -0.398950     0.000000
    1.351462     2.059924     1.266108     3.044641     1.883548     2.413146     0.725611     3.214027     2.190089     2.619747    -1.012553     0.000000
    2.395343     4.564509     1.986151     3.535056     1.572619     4.066784     1.476915     3.630477     2.655290     3.003177     1.025845     0.000000
    2.139788     2.264559     0.716755     3.558270     0.319815     4.269179     2.890746     2.901281     2.760129     2.618224    -0.245357     1.000000
    1.123536     1.817093     0.311942     3.246725     0.457712     2.415809     1.692497     2.119376     1.521957     2.615837    -2.102893     1.000000
    3.910650     2.008689     2.675825     2.025210     3.266771     3.134489     3.094060     2.324406     3.007918     1.619644    -0.196245     0.000000
    4.229424    -0.913718     3.231505    -0.895099     1.778705    -0.900417     2.292533     0.281731     4.845202    -1.309536     0.974538     1.000000
    2.903503     4.484699     2.777999     1.755843     3.348330     3.751048     2.143965     4.510091     1.247715     4.096477     0.087952     0.000000
    2.421162     4.430100     0.005522     5.012301     3.287183     2.273079     1.869416     4.252918     1.606951     3.511973     0.967666     0.000000
   -1.023564     1.871129    -0.941046     2.217329    -0.853044     3.576862     1.484245     2.584026     0.964464     2.547774    -0.577503     1.000000
    1.135724     2.769641     0.578741     3.213179     2.338846     2.855862     2.296457     4.306814     1.255578     5.176899    -1.361893     0.000000
    1.095473     2.183075     0.477591     2.197650     2.150233     1.781502     3.112518     2.552765     2.024713     2.667427     0.887838     1.000000
    2.958680     0.643147     2.342301     0.731679     2.616345     0.883476     2.092997     0.940903     1.583457     1.494398    -0.557688     0.000000
   -1.465902     6.957519    -1.111242     6.974224    -2.205439     7.301089    -3.055702     6.510946     0.065566     5.439820    -0.349174     1.000000
    0.445353     3.427095     0.518708     3.577501     2.769062     1.210236     2.898667     1.058964     2.746609     1.616814     0.985539     0.000000
    2.319572     1.894459     2.604029     1.329802     3.140888     1.695139     3.930884     1.376630     1.493187     2.656610    -0.730424     1.000000
    1.720305     3.412001     3.214797     3.695685     2.712664     3.709307     1.870555     4.249556     2.827965     3.443541    -0.867496     1.000000
    1.186707     3.746242     0.925081     3.932215     1.568552     4.514089     0.070144     4.556189     1.125021     3.994863    -0.960825     1.000000
    0.891053     3.596895     0.185976     3.420545    -0.451884     4.630182     1.254260     4.088647     0.115794     3.923784    -0.934961     0.000000
   -0.120184     1.173947     2.054855    -0.059446     1.123108     1.464724     1.865908     1.479306     1.504377     2.018003    -0.540928     0.000000
    2.767918     2.932428     2.462321     2.486959     2.938334     2.441695     1.941792     1.972280     2.344661     1.900851    -0.080835     1.000000
    0.424708     0.090131     0.826533    -0.948488    -0.242105    -0.954858     0.754499     0.275507     1.496893     0.780533    -1.221229     1.000000
    2.124630     1.303871     1.938848     1.389041     0.927115     1.200458     1.841419     1.078692     1.002872     1.117799     0.788284     1.000000
    1.513910     3.813151     2.744190     2.812134     1.864666     4.133254     2.128614     5.034760     1.806219     3.644235     1.563759     1.000000
    2.493237     0.815371     1.771944     1.147381     2.733188     0.509957     0.917068     1.557938     0.943676     2.655657    -0.690027     0.000000
    0.783513     4.210203     2.722039     3.690314     1.431612     4.170963     0.094186     5.335101     1.676453     5.417730     1.794450     0.000000
   -0.392266     1.244825     0.616705     1.493784     0.034135     0.621342     1.748096     0.415137     1.893744     0.933305    -1.176885     1.000000
    0.379996     2.777851     1.396387     2.442022     1.012554     0.642386     2.090282    -0.733271     0.463305     0.707680     0.924081     0.000000
   -0.964096     4.320880    -0.448706     3.456643     1.047921     4.009157    -1.916021     6.254656    -0.408904     5.234736    -1.286117     1.000000
    2.284966     4.451597     1.900316     5.058237     1.996249     4.190331     2.422567     3.379325     3.061326     2.570294    -0.010019     0.000000
   -0.465188     1.537341    -0.108835     1.684340     0.154608     2.153889    -0.955094     2.902006     0.820173     4.021274    -0.743560     1.000000
    1.795848     2.132662     2.874163     1.565914     4.154540     1.742423     2.988606     3.542677     2.518032     1.963514    -0.258867     0.000000
    1.164288     4.144643     0.192196     4.960128    -1.129844     5.921691    -0.687938     3.833592     0.692293     4.279727     0.098866     1.000000
   -0.844978     5.043038    -1.609805     5.227709    -0.291632     4.477194    -0.863247     4.477216     1.655778     3.733513    -0.556790     0.000000
   -0.609269     2.413617     0.511690     3.938287     1.298445     2.980641     2.303762     3.065924     2.042977     2.066940    -2.074089     1.000000
    0.418273     3.480606    -0.625584     2.145048     0.805136     1.346972     1.749335     0.984982     3.322229    -0.989697    -1.125809     1.000000
    1.771471     2.388908     2.537044     1.977077     2.644850     0.578714     2.451034     1.169556     2.115453     1.070219    -0.303351     0.000000
    3.259921     0.086361     3.029167     1.150864     3.092950     1.684016     3.968574    -0.138379     5.289122     0.769021    -2.238198     0.000000
    0.157565     2.390938     0.223306     2.968557    -0.779164     4.302200    -1.323723     5.433201    -0.585572     5.712463    -0.613988     1.000000
    0.878314     3.531611     1.454192     2.749324     0.611572     2.335694     1.118338     2.551207     2.094913     3.056582     0.233459     1.000000
    1.836100     5.956583     1.753007     4.978903     2.659272     3.947589     1.795751     4.574416     0.403077     4.644306     1.213464     0.000000
    0.208606     0.738935     0.954785     0.506033     1.519567    -0.332403     1.985435     0.402961     0.736780     1.068869    -1.640429     0.000000
    2.355734     3.751764     3.600989     1.833014     3.736817     1.453709     2.256283     2.472670     1.903636     2.524049    -0.280031     1.000000
    1.123208     2.420693     0.915674     2.754482     1.256368     1.834441     1.017707     1.781362     1.443063     1.943910     1.875648     1.000000
    1.612897     1.511647     2.546246     2.950494     2.718469     2.344749     3.413122     1.586503     3.272341     1.347683    -0.629747     0.000000
    2.165568     1.790453     0.983909     1.736246     2.074575     2.304978     0.878086     4.072768     2.146610     2.126134    -1.051846     1.000000
    3.457299     2.541745     1.998955     3.127537     3.282657     2.563439     1.949454     3.906795     2.425029     5.301150    -0.047179     0.000000
   -0.245844     3.031393    -0.412611     1.350752    -1.942269     2.323145    -0.329610     1.598777    -0.085362     4.374886     0.449653     1.000000
    3.135924     3.778004     4.611001     3.727768     4.079380     2.223386     4.916284     2.562756     2.257675     3.118520     0.324866     0.000000
    4.533831     3.649076     3.649232     3.412534     3.779253     2.433899     3.101118     2.025250     4.657655     0.787526     0.532681     0.000000
    1.598884     3.236176     2.897488     2.964171     1.225488     4.947973     0.250257     5.951550     2.495586     4.424404     0.040498     0.000000
    1.334393     1.402599     0.230141     4.105738     0.165981     3.811422    -0.170942     1.540669    -0.098085     1.621852    -0.430193     1.000000
    0.953990     1.832550     0.860837     2.803371    -0.248529     4.878718     1.679948     4.550235     0.648935     4.757976     0.522465     1.000000
    2.907951     2.591988     3.400471     3.254515     3.542620     2.616311     3.855214     1.982876     3.251574     3.047767     1.641816     0.000000
    1.098246     2.653987     1.327617     3.575465     1.003224     5.191459     0.804084     3.378811     1.226134     2.936816     0.587764     0.000000
    1.029518     3.272858     1.941743     2.335458     3.694383     2.448536     3.082273     2.724039     3.815810     2.546748     1.209489     0.000000
    1.487273     2.787881     1.970320     2.516125     2.780992     1.909851     1.899810     2.317105     2.295357     2.090520    -0.885606     1.000000
    1.523369     2.277976     1.848695     3.290532     1.116667     3.975531     1.373162     3.679993     1.539221     5.671791     0.169283     0.000000
    0.205514     2.155905     1.229852     2.332508     1.327614     2.162814     2.089065     1.681914     0.636289     2.012049    -0.052376     1.000000
   -1.752777     6.310003    -2.664698     5.756120    -1.561475     4.042087    -0.882788     4.680061    -1.277167     5.786204    -0.613460     1.000000
    3.313930     2.745223     4.617386     1.196021     3.145642     2.591416     1.530833     3.015525     0.373055     4.859756    -0.356964     1.000000
    3.664386     2.007389     1.312536     3.749874     2.847184     3.819509     2.442527     2.639391     4.808130     1.609145    -0.005716     0.000000
    2.585613     4.032362     2.875304     4.661981     4.235114     3.261677     4.532797     3.723099     4.012254     3.192422     0.881484     0.000000
    0.918148     1.003243     1.090129     2.927866     0.140775     4.007315     0.773801     3.704164     1.258077     1.484983    -1.001608     0.000000
    2.202844     4.310885     1.541682     4.590333     1.328913     3.300836     1.080965     3.725879     3.462192     1.294374     0.806081     1.000000
    1.239474     1.496985     1.670878     1.283001     3.318312    -0.326580     1.841963     0.019959     1.598514    -0.382100     0.326560     1.000000
    0.307335     3.000904     0.039323     3.724293     1.150323     3.909743    -1.759518     4.400560     1.231840     2.302152    -0.641095     0.000000
    3.862099     0.362676     4.038158    -0.710452     3.225766     0.241532     3.791930     1.168574     3.648719     1.036772    -1.104457     0.000000
    3.151092     2.531666     2.397936     3.649339     2.551051     4.430541     1.883424     6.264833     0.828750     4.821858    -0.343912     1.000000
    3.412523     5.054607     3.429169     6.266482     3.742842     4.688347     2.723599     5.907173     3.797936     3.866836     0.595709     1.000000
    3.696052     2.911137     4.015051     2.567213     1.987467     3.887653     1.983536     3.175005     2.079558     3.833790     1.391086     0.000000
   -0.771352     3.318972    -0.652143     3.304146    -0.540982     2.630206    -0.586341     1.537609    -0.522535     2.383662    -0.222021     1.000000
    0.672040     6.223976     0.470401     5.890716    -0.485378     5.442053    -1.109931     7.251327     2.244784     5.211446    -0.784285     1.000000
    0.702388     2.170045     0.592366     1.955432     0.179525     2.514013    -0.520295     1.797336     2.099143     1.235199    -1.291790     1.000000
    4.054112     2.504402     3.137157     2.433203     2.145971     3.869073     3.049285     2.492446     2.186288     2.220388    -0.516035     1.000000
    2.345818     0.711208    -0.501361     1.383349     0.710467     0.701057     1.694657    -0.004541    -0.410517     2.167220    -2.907697     1.000000
    2.228356     2.075046     1.858995     0.083028     1.907437     0.896656     2.133271     2.010529     1.987142     1.654599    -0.536301     1.000000
    2.050473     1.631027     4.234132     1.289067     3.639168     2.058128     4.575395     1.986354     2.254997     2.451674    -2.512197     1.000000
    2.542220     3.112996     2.336154     1.675672     1.072451     1.976723     1.339623     1.713007     1.146357     2.477770    -0.254726     0.000000
    0.612837     3.534639     2.973961     2.046260     3.495578     3.462223     0.756603     3.247019     3.602241     2.522813     0.116341     1.000000
    2.357821     5.150839    -0.018212     5.921447     1.741050     5.381298     0.927425     5.498315    -1.398250     5.126105    -0.176502     0.000000
    0.402613     5.584141     2.637859     4.595101     2.583885     3.287088     2.628392     2.668726     1.257111     2.591044     1.069961     1.000000
    0.818522     4.288486     1.029868     3.029870     1.188540     3.400538     0.644899     3.130315     2.426709     1.855149     2.251552     1.000000
    0.004230     5.852439     0.294759     4.539589     2.181094     2.129610     1.768424     2.735765     2.037042     2.571470     0.052442     1.000000
    4.141773     0.656457     3.009034     1.099340     2.184380     2.087001     2.577422     1.966314     1.856105    -0.021461    -0.550547     1.000000
    0.686052     3.888285     1.494271     4.332557     2.515273     3.826246    -0.607333     4.308821     0.464109     5.230178     1.271151     0.000000
   -0.983290     5.419582     2.030709     3.456200     1.620681     2.885397     2.595051     2.864165     1.392349     3.457844    -1.897120     1.000000
    1.743923     5.013279     1.566019     5.033086    -1.693056     6.455682    -0.629396     5.943524     0.684400     4.926084    -0.013486     0.000000
    1.216519     3.078560     1.408968     1.754303     0.777398     2.076101     0.133953     3.835403     0.696176     3.360273     0.553994     0.000000
    1.289064     5.339194     1.438307     4.236792     1.741234     4.090327     2.128456     3.668221     2.450016     4.309143     2.107823     1.000000
    0.090573     1.906981     0.797169     2.878651     0.013539     3.301346     0.276586     2.514160     0.873664     3.125435    -0.418791     1.000000
    0.708957     2.504053    -0.232852     1.123698     0.462720     2.123241     1.657022     0.080427     1.620900     0.107399    -1.142372     1.000000
   -0.324427     2.698236    -0.482485     2.794676     0.999262     2.816538     1.304408     2.038653     1.418689     3.043031     0.484504     1.000000
    3.795308     2.318525     2.862430     1.642495     3.628013     1.795668     3.537419     2.341000     5.015002     2.651508     1.640845     0.000000
    1.156033     2.189096     1.678209     1.002950     2.360662     0.088143     1.479478     0.357941     1.551813     0.815099    -0.467838     1.000000
    2.353679     3.330981     0.462930     3.304572     0.600761     1.923667     0.139978     0.574293     0.907502     1.943277     0.711359     0.000000
    1.611926     2.771240     3.809809     2.658642     3.449404     2.188037     2.960573     4.763826     1.022367     4.124358     0.755638     1.000000
    2.697976     2.423451     1.355378     4.737597     2.298670     4.771643     2.465631     5.088225     1.867908     4.926042     0.419293     0.000000
    3.517251     1.380106     1.808075     1.949107     3.667416     0.899956     3.978856     2.020017     3.368960     1.680242     0.189493     0.000000
   -0.084414     2.770435    -0.911348     4.711055    -0.904347     3.001709    -2.456093     5.133910    -0.687513     2.492738    -1.759642     1.000000
    2.229157     1.754186     3.407490     0.290254     3.318015     1.316050     2.216167     1.245461     2.081878     0.304414     0.525245     0.000000
    0.948704     1.916168    -0.031243     2.909842     2.032503     2.609814     2.954692     2.802425     4.928830     1.513847     1.543048     0.000000
    0.353067     3.327228     1.261257     3.255462     0.725056     3.291193    -0.726625     4.908139     0.249118     5.300015     0.341037     1.000000
    4.369990     2.388193     1.763233     3.613688     4.288704     1.869297     3.065240     2.084826     3.287280     2.242801     0.385077     0.000000
    1.600758     3.850130     0.984094     4.217993     1.993290     3.111570     0.985736     3.127159     2.072918     3.741074     1.140458     0.000000
    3.085312     1.475937     4.477563    -0.206325     2.278680     1.077118     1.114402     2.149230     1.100133     3.653222     1.028027     0.000000
    2.218056     0.690279     4.062667     0.222889     2.491740     2.415310     2.038312     1.544043     0.878474     3.170789    -0.568875     1.000000
    1.089003    -0.069234     0.288558     0.850955     0.901907     1.815177     3.729658    -0.458104     2.089077     1.577197     0.045891     0.000000
    1.853337     3.772575    -0.848739     6.071225     0.467073     5.842234     0.322576     4.556300     2.047654     3.290627    -0.302184     1.000000
    0.048339     3.105271    -0.754285     2.837752     0.214686     3.535744     1.580336     3.082868     1.349096     2.213354    -0.881371     0.000000
    1.041885     1.264983     2.957318    -0.336565     2.842117    -0.120013     2.731797     1.272054     1.668824     3.321776    -1.507986     0.000000
    1.585937     4.488134     1.425699     3.246744     2.127252     2.398446     2.968735     2.639755     2.641985     3.609058     0.706070     0.000000
    2.623257     2.351901     1.315498     2.995035     2.024228     2.291401    -0.098737     2.577346     0.464309     2.567886    -0.741335     1.000000
    0.368401     3.030914     1.737465     3.639453     0.310118     4.461093     0.323128     4.408133     0.133527     4.317267    -0.818350     1.000000
    2.883954     3.145118     2.323045     1.810511     2.219546     1.430203     0.731466     2.830726     2.013754     1.492408     0.515795     1.000000
    2.815344     3.066231     3.072033     3.927354     2.665920     2.299086     3.587945     1.713628     4.272945     1.343176     1.291419     0.000000
    0.539013     2.729334     1.385989     3.722788     1.730262     4.914753     2.270754     3.915503     0.060219     4.131849     0.582670     1.000000
    0.073266     5.438781     0.708561     3.013932     1.535629     1.216015     1.527407     2.849215     0.321358     3.830233    -0.593787     0.000000
    2.165122     1.932459     1.843622     2.190300     1.391178     2.002180     1.124016     3.368623     0.771293     4.608485     0.099497     0.000000
   -0.393555     4.286948    -0.581083     3.845645    -1.459745     4.367285     0.004087     3.184571    -0.269672     4.248304    -0.165087     1.000000
    0.911976     3.884689    -0.453151     5.211794     0.430885     5.671543     0.234091     6.710129     1.410000     5.659996    -0.616294     1.000000
    0.368300     3.197321     1.767235     1.639577     0.255611     2.144124     0.706237     1.869876     1.937333     2.776142     0.842336     1.000000
    0.698769     1.935590     1.168463     1.364383     0.819400    -0.206886    -0.069956    -0.693887     0.830480    -1.497733     0.179493     1.000000
   -0.376736     4.493741    -1.014217     4.016685     1.496732     3.760995     1.203665     3.249271     1.828266     3.167129     1.198734     1.000000
    3.161037     2.898364     3.499339     2.862165     1.319977     2.887506     2.235800     2.155998     1.283547     3.896778    -1.026624     0.000000
    1.249567     3.781054     2.260778     4.379530     0.785985     5.972483     0.212388     5.311321     0.663026     4.110835     0.740357     1.000000
    0.072938     3.457917     0.176743     2.024686     1.314888     1.606886     2.289998     1.774313     2.081918     3.432636     0.630318     0.000000
   -1.389507     5.038243    -1.216504     3.559054    -0.692546     4.687376     1.173676     4.380579     0.554526     3.980461     0.987371     0.000000
    1.459936     1.436014    -0.234458     2.493252     1.717152     1.279323     0.287188     1.841907     0.519878     2.197625     0.174298     1.000000
    0.988447    -0.148781    -0.324363     1.050855    -1.283385     2.438401    -0.582843     2.449718    -1.050373     4.077731    -0.729047     0.000000
    3.572167     3.944450     2.460956     4.337209     3.344513     3.713046     3.363558     4.932606     4.068380     1.955957    -0.167547     0.000000
    0.452656     2.439201     1.150424     1.599766     1.834158     1.870935     2.537353     2.335332     1.478612     1.160810     1.621389     0.000000
    0.287135     4.518135     1.133777     3.687268    -0.033026     3.936354     0.694823     3.941922     0.145328     4.312703    -0.318542     0.000000
    1.759023     1.751449     1.552005     1.775856     1.999432     1.694195     3.254787     1.223037     0.960713     1.237263    -0.628195     1.000000
    0.609956     1.856279    -1.652569     2.237731     0.726986     1.557738     0.945224     0.559511     1.378191    -0.516967    -1.700970     1.000000
    3.331244     5.169520     0.776297     6.053032    -0.140830     5.248155     0.921835     4.974639     0.215055     5.108160     0.998264     1.000000
    2.105057     0.637721    -0.301845     1.722941     2.238926     0.293011     2.619320     0.243532     3.547366    -0.217637     0.343285     0.000000
   -0.902793     2.504353    -2.166198     4.341032    -0.236112     4.663276     2.466133     3.255861     2.135549     1.783601    -1.266032     1.000000
    2.959509     2.456762     1.436924     3.757975     3.217860     3.003424     2.949137     5.086941     1.695919     4.806610     0.182462     0.000000
   -0.260456     6.814627     0.728148     3.697614     1.707223     3.457866     4.164583     2.875159     2.533279     4.324863     0.581279     0.000000
    2.046637     1.910555     2.527676     2.003407     0.455787     4.536291     0.939614     3.791370     1.912167     3.074611     0.370001     0.000000
   -0.993028     1.977565    -1.808236     2.994081     0.090657     4.044348    -0.272747     3.694083     2.112807     2.538414    -2.154160     1.000000
    1.139429     3.053412     3.230759     3.480098     2.556536     3.820984     1.941112     3.503468     1.449285     2.893340    -0.365763     0.000000
   -0.328520     4.394055     1.549717     3.308230     1.991580     1.787253     1.151861     1.708957     0.902625     3.567988    -0.640475     0.000000
   -0.043076     1.596504     0.060021     1.943381     0.051725     2.194345     0.860110     1.372251     1.476388     1.673572    -0.913150     1.000000
    1.169606     2.629706     1.703949     2.518227     2.085553     1.591536     2.105825     1.829629     4.842177    -0.081819    -1.777149     0.000000
    0.837325     3.583613     2.103196     5.047790     0.480035     5.571109     1.208944     5.400341     1.169611     3.901526     0.181221     1.000000
   -3.293343     5.144062    -3.602609     4.606142    -2.011093     4.125594    -1.589522     3.525298    -1.191696     2.381377    -1.266564     1.000000
    1.584776     3.083981     1.163411     3.744633     1.932621     3.233668     2.371882     4.750570     1.570276     4.766917     1.427484     1.000000
    2.414221     0.761119     0.399071     2.907844     2.460174     3.023453     1.575696     4.794486     1.310340     3.587911     0.603307     1.000000
    1.055967     3.344747     3.053332     2.049458     2.358569     2.893376     0.952009     2.600688     1.843385     2.427274     1.365104     0.000000
    2.781495     3.371857     3.489548     5.093874     5.595976     3.123908     3.892646     4.524609     4.086663     5.001033     1.138744     0.000000
    0.494930     3.925041     1.668833     2.880970     2.046154     2.796541     1.094137     2.136636     3.080158     1.990693    -1.297984     0.000000
    0.309812     3.919347     1.550482     2.753759     2.723363     1.315569     2.006705     2.462309     1.120498     2.032306    -0.789453     1.000000
    1.122282     2.797351     1.092938     4.555777     2.504017     4.505069     1.996530     4.828573     0.873649     4.940376    -0.233201     1.000000
   -1.040994     3.921171     1.522793     1.984254     3.298615     1.920014     1.412414     2.496388     2.800484     1.333046     0.596895     0.000000
    2.071803     0.886516     2.817470     1.448959     2.525366     1.638635     2.629067     0.275246     1.414487     1.780603    -0.003704     0.000000
    4.545241     2.312353     1.379146     5.341167     0.538652     6.614453     2.207920     4.728240     3.160550     4.715460    -0.225663     1.000000
    1.661646     3.332674     3.213180     3.597354     2.483071     3.672827     0.542432     3.377374     2.310108     1.938287    -1.073915     0.000000
    0.763728     3.357998     1.905173     3.943333     0.344763     3.433927     0.190126     1.445810     1.309461     3.211167    -2.130933     0.000000
    0.525276     2.407743     0.706332     2.865792     2.010288     1.116606    -0.720132     2.898467     0.471807     2.465115    -0.448850     0.000000
    0.156046     2.036704     2.246846     1.463253     2.293314     0.876448     1.834258    -0.261682     1.755758     0.609602    -0.383805     1.000000
    2.419636     2.240092     1.748576     1.758926     1.562060     2.262465    -0.103363     3.410930     1.363039     2.365634    -1.140416     0.000000
    0.682004     1.505567     0.756982     3.562490     1.363776     4.356477     0.689477     5.183554    -0.450413     4.861091     0.609862     1.000000
    0.268659     3.558328     2.963832     3.805940     1.093523     4.673018     1.972733     3.962120     0.739241     4.064444    -0.066652     0.000000
    1.993934     4.052490     2.460930     4.467746     3.632240     3.974401     2.554168     3.928891     1.900061     3.518478     1.019319     0.000000
    2.139712     1.893410     3.220669     1.094255     3.691730     1.772440     2.654422     1.263938     1.213798     2.797214     1.815905     1.000000
    1.423833     4.529622     0.808395     3.859867     0.764213     3.271959     0.866512     3.032779     1.281409     3.213712    -0.107633     1.000000
    1.312861     0.731459     1.188731     1.760229     2.119569     3.801721     1.803442     2.689574     2.105816     1.127492    -1.318652     1.000000
   -1.118773     3.164414    -1.037752     3.901328    -0.845573     3.651526     0.548780     4.631200    -0.148295     3.105051    -2.787556     0.000000
    1.326389     3.419210     2.246059     3.109004     0.624517     3.893734     0.266438     2.880840     1.299407     2.658324    -0.893661     0.000000
   -0.556905     1.255200     0.553532     0.513535     1.128449     0.197190     0.751428    -0.727352     2.144771    -0.715730     0.914923     1.000000
    1.437611     4.533711     4.374110     2.979134     3.411523     2.663638     3.431800     1.488441     2.342887     1.545733     2.097840     0.000000
    1.916826     1.893186     1.029726     2.486835     1.758441     2.430545     2.171666     3.390352     2.573852     1.744513    -2.079267     0.000000
   -1.172588     4.212771     1.485116     2.647704    -0.045645     3.999836     0.582151     3.700654     1.811314     3.502937    -2.131302     0.000000
   -0.521262     2.528753    -0.022891     4.976809    -0.268526     4.384384    -1.170077     4.733908    -0.531255     3.802784    -1.033819     1.000000
    0.276013     1.808643     0.836125     0.704494    -0.021299     2.001314    -0.623578     3.224173     1.456952     2.130350    -0.343052     1.000000
    1.745613     1.882935     0.350095     3.269842     2.750807     2.253938    -0.313307     3.666014     0.028638     2.498105     2.144321     1.000000
   -0.368188     4.943980     1.907380     4.468790    -0.276628     5.280669     0.384998     3.782648    -0.628925     4.323261    -1.036042     1.000000
    1.053148     1.480943     0.653997     0.914220    -0.505286     0.924194     0.647892     2.094512     0.505164     2.742397    -0.890995     1.000000
    3.224957     5.193885     5.084893     4.041058     5.263124     4.772197     4.289670     4.002872     3.568992     5.162587     1.231115     0.000000
    0.371913     0.206342    -0.798809     1.545329     0.846868     0.261700    -0.064481     0.717367     2.051717    -0.951838     0.270180     0.000000
    2.372959     3.092618     2.098323     2.267750     1.341866     2.787498     2.631813     0.765984     1.276816     1.887395    -0.051498     0.000000
    0.094477     2.938453    -0.200533     2.520700     1.959282     2.789704     0.466886     3.858566     0.425948     3.553203    -1.349010     1.000000
    1.382552     0.724628     1.388037     1.509518     3.663242     1.860135     2.807037     1.315334     1.358293     2.061738    -1.246837     1.000000
    1.864535     4.572351     2.086914     4.218825     1.751917     4.479060     2.732187     4.323998     1.513349     3.553373     0.970489     1.000000
   -0.292886     4.265934    -0.153879     2.509068    -0.123172     3.048317     0.545140     3.943826    -0.367543     4.710264    -2.181793     1.000000
    1.802685     0.842007     0.940630     0.977209    -0.631221     1.424991    -1.162829     2.974426     0.113339     2.042970    -3.122082     1.000000
    1.381832     3.067205     2.554977     1.639981     1.635994     3.900273    -2.380176     5.262775     0.748446     5.205489     1.092166     1.000000
    1.285247     6.966004     1.671024     7.133644     0.981994     7.384321     0.704359     6.863286     1.526100     5.377095     1.882150     1.000000
    2.175722     2.348775     1.602642     4.186899     1.333711     3.621151     2.523150     2.004162     3.195085     0.744320    -0.738222     0.000000
   -0.761795     2.723811     0.576109     2.919333     0.185615     3.396997    -1.690976     4.028539     0.074854     3.804348    -0.670890     1.000000
   -0.456485     2.823584     1.323991     5.023169     1.885760     2.532229     2.139876     2.456652     0.955934     2.626545    -2.914962     0.000000
    2.653864     1.989226     2.128916     1.994426     2.961754     2.404745     1.724040     3.378249     0.504564     4.325192     0.882717     0.000000
    0.758287     1.346208    -0.011145     1.410482     1.481057     0.096586     1.807007     0.670528     2.834490     0.211297     0.164272     0.000000
    2.486743     0.608902     1.749114     1.952505     1.083420     1.501878     1.716223     1.022803     1.272368     1.531270     0.131329     1.000000
    0.142623     2.646895     1.817113     2.514018     0.874863     3.223435     0.934805     4.482742    -0.953365     4.128838    -0.724738     0.000000
    4.606665     1.892124     2.757111     2.424378     2.680687     2.912488     3.718552     3.567808     5.317717     2.423412     0.591241     1.000000
    3.412510     4.766723     3.514025     4.635608     3.717751     3.392441     1.645855     2.358948     2.089297     1.709005     1.352878     1.000000
    1.228580     4.724633     1.235923     3.624720     2.481914     3.528863     2.032465     3.961090     2.476212     3.672493     1.010060     1.000000
    2.313961     4.075539     4.136601     3.457138     3.475205     1.881602     2.396092     2.533985     1.410160     3.936256    -0.712559     0.000000
    1.262661     0.385640     1.275555     0.929717     2.618039     1.644068     3.269123     0.840455     4.053319    -0.375819    -0.177924     1.000000
    3.553820     3.144427     2.083627     1.141751     2.811670     1.000407     1.742610    -0.402372     2.206425     0.998269     0.106789     0.000000
    0.496107     2.256921     1.251716     2.972159    -0.346905     4.753290    -0.483852     4.064042    -0.434305     4.297046     1.053335     1.000000
    2.179995     1.085730     1.571478     1.915528     1.918672     2.789004     1.938007     3.631527     1.544729     4.114051    -0.635217     0.000000
    1.337653     2.166249     1.111408     2.049044     1.982108     1.384174     2.889396     0.510081     1.895834     0.188858    -0.519323     1.000000
   -0.489591     2.493171     0.713264     2.157189     0.427433     2.327794     1.166238     3.056288     0.259288     2.419670    -2.098010     0.000000
    1.797777     1.499900    -1.237463     3.151792    -0.087337     4.826212     2.418803     3.084041     0.381214     4.603515     0.588322     1.000000
    2.077740     4.167052     0.942055     5.689001     1.680022     5.845579     1.654223     3.629175     0.699854     6.615300     0.281561     0.000000
   -0.490501     4.167526     0.719977     2.911700    -0.243960     3.092612     0.175161     4.207549     1.298185     1.836191    -1.579098     0.000000
    0.400957     3.017309     3.129657     1.257339     3.632866     3.868193     5.484976     1.107469     5.890229     2.134210    -0.354728     1.000000
    2.528188     3.283147     2.431577     3.701440     1.746525     4.425525     2.614964     3.092866     2.386935     1.296268    -0.342305     0.000000
    1.103310     4.062515     0.623542     5.078072     1.671120     3.890579     1.285248     5.252960     1.210049     4.348191     0.622607     1.000000
    0.971350     0.498842     0.574675     2.227292     0.992702     2.590507     1.586601     2.011714     0.320506     1.062695    -0.411277     0.000000
   -0.697046     3.471650    -1.370505     2.632641     0.579768     2.162837    -0.354955     3.785960    -0.682462     4.957137     0.557114     1.000000
    2.776223     2.859400     2.473875     2.139250     1.587710     2.721933     3.731808     2.666360     2.035907     1.591493    -0.233725     0.000000
   -0.526048     4.354801    -0.496525     2.820860    -1.704293     4.033676    -2.209573     4.019251    -1.497897     3.638654     1.365459     1.000000
    1.904446     3.896370     2.672544     3.161252     2.260044     5.296167     0.995206     4.841283     1.698158     4.709126     1.676169     0.000000
    1.951712     3.088747     0.363920     4.140653     0.847555     2.994391     2.118832     2.207989     2.398402     2.686234    -2.017341     1.000000
    3.076913     2.553113     4.467258     1.219522     6.130152     0.960921     3.389320     1.435814     4.394663     1.123027     0.137068     0.000000
    0.253146     4.331441    -0.400824     4.500201    -0.016036     2.640362    -0.142714     2.808834    -0.229598     3.795654     1.071647     0.000000
   -0.735147     3.545605     0.522075     1.041926     0.788785     3.004087    -0.893173     3.411807     1.572902     2.047708     0.798294     1.000000
    3.524912     2.658537     1.320203     3.124121     0.821998     3.494501     2.540101     2.167227     2.070013     3.980900     2.736534     0.000000
   -0.515427     2.707858    -0.695942     2.507712    -1.031440     1.675912     1.520846     1.046893     1.373416     0.864787    -1.465388     1.000000
    1.578485     4.664406     1.026190     6.295355     1.303102     5.601068     0.104308     7.004118     1.234674     7.459723    -0.054867     0.000000
    2.460994     2.763962     1.346196     2.583426     1.037078     2.956027     1.086803     3.910761    -0.646663     3.789777    -1.103432     1.000000
    2.190271     0.535739     2.693064     3.111934     3.477246     2.278337     1.987645     3.012838     1.012991     2.821566    -2.014496     0.000000
    2.504908    -0.443961     0.480152     0.421658     1.688660    -0.616657     2.343900    -0.765525     3.122918     0.024047    -0.170467     1.000000
   -0.766720     4.915502    -0.220608     5.319407    -0.612076     4.189762     0.791602     4.429572     2.085578     3.263045     1.216108     1.000000
    0.630359     2.096328     0.129568     4.163321    -0.164863     2.958316     2.209234     2.665737     2.173336     2.748119     1.961987     1.000000
    0.512585     2.240963     0.685633     1.609845     2.132659     2.380025     0.704863     2.569355     4.353637     1.620196    -0.509255     0.000000
    0.328579     4.124340     0.780616     3.590107     1.391182     4.376277     0.394415     4.234308     0.038761     4.530532     2.124829     0.000000
    0.647808     2.249282     2.373995     0.809943     2.341737     2.843074     0.727819     3.480059     1.499986     3.692674    -1.053451     0.000000
    3.629485     3.399550     3.385823     3.441232     4.933942     1.424051     4.492890     1.998253     4.311411     2.547897     0.219094     0.000000
    2.006031     2.394405     1.099300     4.587108    -0.778037     7.091676    -1.171840     5.832060     0.036724     5.217849    -1.308441     0.000000
    0.850707     2.714827     2.112810     2.892139     0.693785     3.417977    -0.279692     2.418488     1.040139     2.703962     0.623487     0.000000
    1.490258     1.011203     2.833772     1.701848     2.081436     1.375250     0.950810     2.137250     0.317421     1.467054    -1.701225     0.000000
    1.466985     1.218869     2.534802     1.396133     1.313601     1.921132     2.105368     1.882309     2.913169     1.344589    -1.023248     0.000000
    2.292489     0.858645     2.067485     2.820022     2.950254     0.745016     4.310121     0.694821     2.812473     1.310268     0.916998     1.000000
    1.103651     3.898994     2.797719     4.196258     3.450039     3.473719     3.062757     3.564656     1.008065     4.788157     0.649634     1.000000
    3.295923     2.931018     3.167033     3.025698     3.990550     1.907555     4.247718     3.512763     3.196822     2.697549     0.075340     0.000000
    3.116366     2.269191     1.698672     3.275205     0.132315     3.002390     1.812818     2.035835     1.307684     1.573394    -0.283211     1.000000
    1.320089     4.249135     0.750696     4.611116     1.171083     3.562139     1.334456     4.538883     1.163871     4.355278    -0.627128     1.000000
    1.441112     2.703527     1.618934     5.572889     2.139160     2.784443    -0.597990     5.798807     0.301940     4.854910     1.425191     1.000000
    2.764286     0.624067     3.009505     2.276844     1.468190     3.788597     2.468221     2.240040     0.539976     3.390070     0.598326     0.000000
    0.130696     3.057372     0.850500     4.207518     0.988980     5.352406     0.823804     6.027988     2.726940     5.327139    -1.660280     0.000000
    1.417741     1.687094    -0.355511     1.032760    -1.145072     1.800481     0.480576     1.138457     0.261266     1.420614    -2.024152     1.000000
   -0.316540     2.164365    -0.626276     3.014515    -0.141933     3.051469    -0.169455     3.958036    -0.100644     3.692020    -0.740965     1.000000
    0.491597     4.743570     1.251645     4.499856    -0.015021     4.077840     0.822232     5.200370     2.225760     2.300101     0.409877     1.000000
    4.857117     0.562935     2.828596     1.531296     1.137595     2.431380     4.283611     1.356892     3.025885     2.607806     1.889153     0.000000
    4.516771     0.526143     3.333861    -0.275570     3.384866     2.033977     4.226509     1.167585     4.578746     1.654802    -1.323728     0.000000
    0.337708     4.543283    -0.051381     4.692485     1.025251     3.066255     2.631443     3.082144     1.690518     2.870893    -0.307692     0.000000
    3.291628     3.811586     4.006385     3.651154     1.084178     5.961378     2.642693     3.725475     2.568251     4.885834     0.221743     0.000000
   -2.081014     5.390749     0.002616     4.583922     0.040663     3.135732    -1.118278     4.673853    -0.740781     4.841684     0.814180     0.000000
    1.912756     2.384408     0.355637     2.723922     0.265679     3.106814     0.822288     4.439960     1.215110     5.118915    -1.754620     0.000000
    0.405238     1.446161    -0.532347     3.407232    -0.521957     2.271294    -0.185777     2.155968     1.804266     1.393051    -2.946660     1.000000
    0.294382     4.465808     0.744347     4.311605     1.450579     4.061368     2.154831     3.375209     1.267390     4.008302     1.617318     1.000000
    1.944139     1.983341     1.037326     0.801385     1.702058     0.512892     0.043086     1.663330     1.953500     0.456820     0.908996     1.000000
   -1.934459     6.510630    -0.944679     6.299223    -0.097231     5.666018    -0.161731     5.086500     0.805477     4.965575     0.961371     1.000000
   -0.249539     3.751111     0.705929     2.605356     1.660918     1.781183     0.125015     1.635137     0.399008     1.334530    -3.025629     1.000000
    1.278330     2.787594     1.214787     2.603847    -1.343214     5.427064    -0.583190     4.509513     0.886551     3.416547     0.909038     0.000000
    1.524402     4.184616     1.151781     4.331050     1.822016     5.060713     2.328122     4.969353     1.059004     3.992466    -1.036401     0.000000
   -0.943806     3.976557    -0.070893     2.159989     1.605492     3.108907     1.398071     3.901902     2.626778     2.363806     1.721537     0.000000
    0.630796     3.243320     0.804711     4.060399     0.654685     3.469500     0.914981     2.071659     2.207590     0.763832     0.397864     1.000000
    2.225980     2.048605     3.389563     1.741986     2.896769     2.893183     0.795950     2.993094     1.864183     3.602433     1.317511     0.000000
    0.358710     3.262189    -0.254321     3.429945     2.085132     2.138720     2.219679     1.325902     0.558791     0.785893    -0.231459     0.000000
   -1.230508     3.010593     0.122694     1.600823     1.172885     1.476780    -0.570033     1.873140    -0.398729     2.129756    -1.522085     1.000000
    3.065976     2.183289     1.748791     2.807283     1.725235     2.894003     1.531441     2.555379    -0.366252     2.941817    -0.011682     1.000000
   -1.017631     4.633206    -0.428381     3.299719     0.350609     4.306199     0.718871     3.958394     1.649796     4.667119     1.090153     1.000000
    2.624585     4.252779     2.749241     3.423424     2.216351     4.146111     3.440736     2.106708     1.835926     4.525590    -0.017889     0.000000
    1.280037    -0.031102     1.384416     0.447247     1.870557     1.925692     2.362874     0.174247     0.909260     2.840962    -2.133851     0.000000
    2.666571     1.056237     3.772449     1.039002     3.165092     0.526801     4.500326    -0.725198     3.767570     1.725600     0.029523     0.000000
    0.655935     4.245777     1.760375     4.242043     1.814650     2.521109     1.358567     3.088788    -0.434142     4.872185     1.508757     1.000000
    3.519125     3.082723     2.550161     2.868633     2.728764     1.808863     3.041399     1.680010     3.011628     1.363121     1.312005     1.000000
   -2.671569     5.937443     0.612204     3.052450    -2.488020     4.152884    -2.459475     3.137403    -1.944767     3.497580    -0.434399     1.000000
    1.919758     2.884984     1.368458     2.167407    -0.091090     3.809088     0.972923     2.055089     1.400677     2.634274    -0.108582     1.000000
   -1.107886     2.108277     0.413571     3.005542    -0.594909     1.453579    -0.935571    -0.277701     0.124409    -0.369392    -0.829830     1.000000
    3.428112     1.762601     3.133136     1.558032     2.562847     1.373832     3.026125     0.995476     3.817424     1.593719    -0.041056     1.000000
    2.076356     3.047348     1.997676     2.704336     1.688936     2.507092     2.711036     3.901965     2.834205     4.759880     1.076594     0.000000
    1.097342     0.959011     0.450857     2.767343     1.059862     0.531885     1.713187     1.397374     2.233742     0.419317    -1.455210     1.000000
    2.111697    -0.719538     2.497595    -0.707303     2.437421    -1.622500     4.198382    -2.519068     2.942063    -1.631054    -2.601936     1.000000
    1.448568     2.273145     0.711440     3.120658     0.496206     2.722611     2.625162     0.747957     2.427123     2.234593    -0.578282     0.000000
   -1.439551     4.643098     0.463684     3.527744     0.846360     3.321543    -0.176262     4.034203     2.285889     2.490403    -0.047994     0.000000
    2.751669     4.331341     2.947264     4.286236     2.711967     3.728315     2.345040     2.961304     3.900508     3.372267     0.516076     0.000000
    2.091792     5.438394     3.747538     3.842248     1.944091     5.128693    -0.200362     5.275604    -1.046472     5.883503    -0.505318     0.000000
    5.497900     0.979109     4.980122     1.311923     6.512593     1.721300     5.354013     1.216250     5.691092     1.019023    -1.238983     0.000000
    2.380754     2.309170     0.028873     3.396743     0.810685     1.491844     1.106532     1.127263     1.529730     1.346017    -0.161467     1.000000
    1.200137     1.195146     1.043020     1.844604     1.986125     0.885628     2.743059     0.167420     1.793378     1.214382    -0.443411     1.000000
    1.454077     2.980516     2.779683     3.535424     1.710776     2.741496     1.096591     4.329608     2.043196     3.366742     0.084554     0.000000
   -0.581071     2.396827     1.379475     2.108249     2.196395     1.700086     1.753134     3.167290     2.168574     1.551244    -1.597862     0.000000
    0.067125     2.764992     0.066614     3.278794     1.517480     2.278918     0.935607     1.491328     0.892681     2.154582    -1.526577     1.000000
   -0.769201     5.925118     1.664327     5.465998    -0.096478     3.891485    -1.334546     5.680279     0.613386     5.634279     0.097000     0.000000
    4.283665     1.235845     2.852799     5.041284     2.809454     5.058972     1.897202     4.499687     2.793177     4.572847     0.863592     0.000000
   -0.025810     2.840050    -1.766428     3.332970     0.664131     0.405373    -0.096415     0.035284     0.482435     1.316917    -0.569957     0.000000
    0.160014     2.164835    -0.461855     3.539980    -0.614522     3.839491    -0.174394     3.950488     1.201379     3.231363    -0.234679     1.000000
    1.692028     1.617365     2.098602    -0.239861     1.830531    -0.523363     0.863617     0.259918     2.092137     0.594623    -0.962813     1.000000
    2.545589     3.233734     2.691923     2.676478     2.018983     3.227735     2.519316     2.241586     1.436129     2.900307    -0.888894     0.000000
    2.453441     2.878018     3.044849     2.363851     0.492216     4.205194     2.361410     2.864727    -0.802763     3.417023    -0.046601     1.000000
    1.603538     2.068339     2.874797     0.996586     3.096652    -0.661650     3.233215     0.058467     4.066836    -0.255408    -0.741473     1.000000
   -1.550562     5.684713    -0.709833     4.886088    -0.207734     4.569080     0.135781     4.587887    -0.670382     4.986290     2.253152     0.000000
    2.110691     0.980199     0.326660     2.937315     1.168098     3.021404     0.663766     3.768986     0.357016     4.146837    -0.777628     1.000000
    1.652987     5.482713     2.145081     3.728653     2.595433     3.288093     1.976990     1.632169    -0.376840     3.965766     0.728391     1.000000
   -0.533643     5.771364     0.357910     5.477504    -0.096761     5.052364     3.024009     2.334534     1.849656     2.133726    -0.296530     0.000000
    1.586909     2.467901     2.604161     2.312514     2.019293     1.528846     0.743320     2.382176     1.666396     1.948219    -1.160118     0.000000
   -2.501095     3.104985    -0.672621     3.898970     0.038450     3.164210     0.893425     0.275189     1.624603    -0.842498    -0.530728     1.000000
    0.986622     4.227628     1.750355     4.969046     1.327045     5.187551     1.638714     4.178753     1.107234     4.801818    -0.233748     0.000000
    2.135497     2.869209    -1.265055     5.596943    -0.557796     5.308166     0.930563     3.112284    -0.423891     3.542743    -1.776889     1.000000
    0.644598     2.173850    -0.603273     3.229120     1.518821     2.893585     2.584663     1.947164     3.178288     1.072961    -2.183843     0.000000
   -1.029808     4.800871    -0.639678     5.373229    -0.601139     6.109961    -0.046500     4.366250    -1.076477     4.206854    -1.192075     1.000000
    3.671347     1.406272     0.919824     2.653519     3.602852     2.303609     1.485268     2.667903     0.021600     3.344349    -1.044844     1.000000
    1.070580     2.105850     0.384559     3.142810    -0.003103     3.012004     1.950015     1.155175     2.113812     2.799869     0.576104     0.000000
    0.731355     1.330416     1.615205     1.813526     0.979961     0.993774     2.619143     0.574288     0.996700     1.766734    -2.183176     0.000000
    2.849099     1.667895     3.506063     3.756097     2.111005     3.037776     3.652342     2.961591     4.801766     1.531730    -1.399832     0.000000
    0.315101     3.156676     1.326647     2.080037    -0.571469     2.037622     2.960989     0.150138     2.128313     0.862060     0.526275     0.000000
    0.264206     2.941602    -0.228012     4.164332    -0.785182     4.815700    -0.212888     3.956466     1.766398     1.928611     0.028749     0.000000
   -1.107832     5.284998    -1.054787     5.826794    -0.121401     5.434124     0.046187     5.209666     0.825412     4.428026     0.753734     0.000000
    1.169307     3.238728     2.230988     3.790703     2.968923     3.802399     3.899632     4.054953     2.108188     6.072833     1.198982     1.000000
   -2.596247     3.980432     0.561963     2.906855    -0.258389     3.819542     0.107707     2.156135    -0.827951     2.952593     1.415266     0.000000
    5.732891    -0.913854     5.403879     1.051369     4.630200     0.699573     5.535654    -0.784494     3.778286     1.592553     1.120972     0.000000
    1.931622     2.657439     3.228804     1.934168     2.164357     2.962084     2.021666     2.010022     0.731109     1.494893     1.221615     1.000000
    1.128210     2.918031     0.751642     2.618787     2.426345     1.948565     1.608199     0.565119     1.432663     0.510818    -0.458129     1.000000
    2.139926     4.095702     2.307706     4.093568     1.100134     3.548047     0.774416     2.968405     1.549508     2.550055     1.369472     1.000000
    2.746612     3.821128     3.136777     4.825103     2.389382     4.833388     1.437319     4.145947     2.339893     4.198206     1.489192     0.000000
   -0.936478     4.211465    -4.241913     6.127888    -1.302566     3.722256     0.393611     4.514287     1.270378     3.772902    -0.212195     1.000000
   -0.295368     1.874384    -0.542920     1.435797     0.057694     2.518137     1.068004     2.364797     2.624587    -1.061005     0.491589     1.000000
   -0.713218     4.605346     0.056572     2.875784     0.292708     3.732926     0.914041     3.612422     0.449364     2.524171     1.877323     1.000000
   -0.420436     5.211500     0.357766     5.079447    -0.047931     5.958905     1.593847     3.597655    -0.468371     3.256567     1.304202     0.000000
    4.206860     0.160890     2.086476     1.907016     1.785763     3.796609     4.289801     2.483559     3.901160     2.771433    -0.409901     0.000000
    2.857479     2.563376     1.544373     2.381911     2.028406     1.602214     1.801382     1.238612    -0.556942     2.588874    -0.214242     1.000000
    0.456208     3.459854     0.147317     4.455179     0.396659     5.165069     0.640616     6.348995     1.724542     6.496517    -1.000212     0.000000
    0.933729     2.275371     1.627456     1.567056     2.429481     0.181472     2.667679    -0.824315     2.892480    -1.014029    -1.346329     0.000000
   -1.743324     6.702119     0.283614     5.247927     0.455647     5.494896    -0.665353     5.815732    -1.532715     5.921428     2.216867     1.000000
   -0.605445     4.782674     0.894435     3.874212    -0.029973     5.193028     1.425424     5.634381     2.374393     4.047922    -0.892667     1.000000
    0.952237     4.135422     0.948457     4.895190     1.959425     4.517291     0.711353     4.505371     2.593897     3.812011    -1.155405     0.000000
    0.451547     1.256209     0.404456     1.029363     0.578192     1.727838     0.318353     3.187118     0.709615     1.469922    -0.679978     1.000000
    1.310299     0.224703     1.992639     1.440645    -0.788291     3.424885     0.735166     2.621929     0.235461     2.551898    -2.940817     0.000000
    1.050721     0.690496     3.118767     1.287489    -0.868237     3.617504    -0.908976     5.458561     1.183452     1.868683    -1.438810     1.000000
    2.697200     2.729423     1.816437     4.118473     4.084118     2.414408     2.668092     4.267837     2.496151     2.604106     0.835858     0.000000
   -0.170411     4.451231     1.615407     2.856599    -0.047222     4.006961    -0.544940     4.202812    -0.945649     2.024007    -0.081932     0.000000
    0.821897     3.168916     2.183020     1.954847     1.171134     2.955575     0.654108     3.125804     0.045644     2.121679    -1.742034     1.000000
    1.039491     3.789048     1.846315     2.080755     0.886889     3.859530    -0.136840     3.854572     1.714330     2.989754    -2.422600     1.000000
    2.191541     2.169561    -0.457872     4.654461    -0.996827     3.879036     2.245941     2.775404     2.147372     1.237501    -1.720672     0.000000
    2.959011     3.236704     4.269299     2.210049     3.933572     1.862306     2.764901     4.585911     1.877065     5.018662     0.554506     0.000000
    3.371054     3.110419     2.292481     3.723847     4.509308     2.878710     4.644323     2.813425     4.793171     2.884320     1.460583     0.000000
   -0.009263     3.891451    -1.719953     6.169155    -0.994292     4.109571    -0.889042     4.115553     0.610483     2.432489    -1.056611     1.000000
    1.439326     3.182348     0.467791     4.558066     2.556809     2.335588     1.923184     3.690033     1.388411     2.818588    -0.318431     0.000000
    2.214485     5.647370     1.932031     6.469571     0.941994     6.680199    -1.145702     7.119465     0.450815     5.762895     1.211693     0.000000
    2.413271     3.529929     3.280933     2.559706     5.107821     1.355468     3.606154     1.146221     1.959584     1.087626     0.419941     0.000000
    1.399158     3.221042     0.943763     2.824781     0.277891     2.977298    -0.034322     3.179668    -0.380670     2.329135     0.986122     0.000000
    1.336874     2.243020     0.901624     3.207400     2.218447     2.506705     2.403014     1.884722     1.098118     3.652269    -2.322164     1.000000
    2.214061     3.708472     1.294178     5.510949     2.227277     3.689665     2.515554     4.173780     2.547083     3.673747    -1.461092     1.000000
    1.719122     3.105178     1.317219     3.695996     0.455138     3.313645     2.205031     2.922371     0.689777     3.539014    -1.875187     0.000000
    1.902406     1.644323     2.255058     2.213745     1.955715     1.778771     1.387466     2.704112     1.086184     2.690473    -0.414596     1.000000
    4.516671     3.152562     3.449472     2.673201     4.207463     2.050987     4.469823     3.627334     5.443347     3.663877     1.294494     0.000000
    0.540294     2.265520     0.512862     1.250116     0.763650     2.036676    -0.577242     2.615328     0.342312     1.982820     0.131684     1.000000
    0.871579    -0.422269     1.789116    -0.504528     0.779562     1.230403     1.774506     0.640384     2.910494     0.363294    -1.753522     1.000000
    0.198756     5.240902     3.493398     1.671670     4.062174     2.530240     3.307013     3.008791     1.878693     4.582813     1.444413     0.000000
    1.598831     2.880439     0.659186     3.955599     2.476308     4.866357     2.260291     3.514205     0.694126     5.724233    -1.672055     1.000000
    2.223195     2.428615     2.353134     1.644691     3.783917     1.740046     3.649508     2.382562     2.166124     2.805468    -0.119119     0.000000
    0.263164     6.428374     0.437499     6.705840     0.025195     5.206924     0.699287     5.493222     2.104719     6.587859     1.451909     0.000000
    0.031789     3.756267     1.076826     2.525904     1.070827     3.008689     2.074436     2.435147     2.188219     3.171813     1.824228     0.000000
    2.658226     1.495574     3.254843     0.275461     1.878701     0.166202     3.064046    -1.908221     2.669318     0.352615    -0.711117     1.000000
    2.391677     5.004906     1.922274     5.003797     1.866989     5.121933     2.297476     4.461671     2.176633     2.695942    -0.090702     1.000000
   -0.740107     2.978539     1.400486     1.331683     0.579837     1.696078     1.421370     2.562857     2.047624     1.311502    -1.670150     1.000000
    1.959716     6.074442    -0.810956     8.087589    -0.982588     7.232349    -0.041507     4.797039    -0.242544     4.361421    -0.229649     1.000000
    2.403863     2.108599     1.611589     3.758175     1.038671     3.567115     1.045467     3.917322     2.370575     3.468380    -0.345895     0.000000
    3.024834     0.495413     0.029274     2.223400     1.735688     1.586036     1.190016     2.460567     3.427562     1.005548    -1.382563     1.000000
   -0.067856     2.387599     0.513360     1.626985     0.952581     3.062562     1.760788     2.180375     1.433888     2.637683     0.028055     0.000000
    0.865718     3.780304    -0.003728     3.742186     1.002027     3.487963     1.263776     3.790118     0.881479     2.195960    -0.477051     1.000000
    1.865235     2.100425     3.289077     2.427511     3.181438     2.188948     2.709039     1.557700     1.758101     2.143351     2.047100     1.000000
    0.818635     1.938538     1.327614     3.246313     1.739050     2.041514     1.350565     0.686913     0.607681     1.618667     0.525146     0.000000
